1 1  1
2 0  2
3 1  3
4 1  3
5 0  4
6 1  5
7 0  6
8 0  4
9 1  5
10 0  6
11 1  7
12 1  7
13 0  8
14 1  9
15 0  10
16 1  5
17 0  6
18 1  7
19 0  8
20 0  8
21 1  9
22 0  10
23 1  11
24 1  9
25 0  10
26 1  11
27 0  12
28 0  12
29 1  13
30 0  14
31 1  15
32 0  6
33 1  7
34 0  8
35 1  9
36 1  9
37 0  10
38 1  11
39 0  12
40 0  10
41 1  11
42 0  12
43 1  13
44 1  13
45 0  14
46 1  15
47 0  16
48 1  11
49 0  12
50 1  13
51 0  14
52 0  14
53 1  15
54 0  16
55 1  17
56 1  15
57 0  16
58 1  17
59 0  18
60 0  18
61 1  19
62 0  20
63 1  21
64 1  7
65 0  8
66 1  9
67 0  10
68 0  10
69 1  11
70 0  12
71 1  13
72 1  11
73 0  12
74 1  13
75 0  14
76 0  14
77 1  15
78 0  16
79 1  17
80 0  12
81 1  13
82 0  14
83 1  15
84 1  15
85 0  16
86 1  17
87 0  18
88 0  16
89 1  17
90 0  18
91 1  19
92 1  19
93 0  20
94 1  21
95 0  22
96 1  13
97 0  14
98 1  15
99 0  16
100 0  16
101 1  17
102 0  18
103 1  19
104 1  17
105 0  18
106 1  19
107 0  20
108 0  20
109 1  21
110 0  22
111 1  23
112 0  18
113 1  19
114 0  20
115 1  21
116 1  21
117 0  22
118 1  23
119 0  24
120 0  22
121 1  23
122 0  24
123 1  25
124 1  25
125 0  26
126 1  27
127 0  28
128 0  8
129 1  9
130 0  10
131 1  11
132 1  11
133 0  12
134 1  13
135 0  14
136 0  12
137 1  13
138 0  14
139 1  15
140 1  15
141 0  16
142 1  17
143 0  18
144 1  13
145 0  14
146 1  15
147 0  16
148 0  16
149 1  17
150 0  18
151 1  19
152 1  17
153 0  18
154 1  19
155 0  20
156 0  20
157 1  21
158 0  22
159 1  23
160 0  14
161 1  15
162 0  16
163 1  17
164 1  17
165 0  18
166 1  19
167 0  20
168 0  18
169 1  19
170 0  20
171 1  21
172 1  21
173 0  22
174 1  23
175 0  24
176 1  19
177 0  20
178 1  21
179 0  22
180 0  22
181 1  23
182 0  24
183 1  25
184 1  23
185 0  24
186 1  25
187 0  26
188 0  26
189 1  27
190 0  28
191 1  29
192 1  15
193 0  16
194 1  17
195 0  18
196 0  18
197 1  19
198 0  20
199 1  21
200 1  19
201 0  20
202 1  21
203 0  22
204 0  22
205 1  23
206 0  24
207 1  25
208 0  20
209 1  21
210 0  22
211 1  23
212 1  23
213 0  24
214 1  25
215 0  26
216 0  24
217 1  25
218 0  26
219 1  27
220 1  27
221 0  28
222 1  29
223 0  30
224 1  21
225 0  22
226 1  23
227 0  24
228 0  24
229 1  25
230 0  26
231 1  27
232 1  25
233 0  26
234 1  27
235 0  28
236 0  28
237 1  29
238 0  30
239 1  31
240 0  26
241 1  27
242 0  28
243 1  29
244 1  29
245 0  30
246 1  31
247 0  32
248 0  30
249 1  31
250 0  32
251 1  33
252 1  33
253 0  34
254 1  35
255 0  36
256 1  9
257 0  10
258 1  11
259 0  12
260 0  12
261 1  13
262 0  14
263 1  15
264 1  13
265 0  14
266 1  15
267 0  16
268 0  16
269 1  17
270 0  18
271 1  19
272 0  14
273 1  15
274 0  16
275 1  17
276 1  17
277 0  18
278 1  19
279 0  20
280 0  18
281 1  19
282 0  20
283 1  21
284 1  21
285 0  22
286 1  23
287 0  24
288 1  15
289 0  16
290 1  17
291 0  18
292 0  18
293 1  19
294 0  20
295 1  21
296 1  19
297 0  20
298 1  21
299 0  22
300 0  22
301 1  23
302 0  24
303 1  25
304 0  20
305 1  21
306 0  22
307 1  23
308 1  23
309 0  24
310 1  25
311 0  26
312 0  24
313 1  25
314 0  26
315 1  27
316 1  27
317 0  28
318 1  29
319 0  30
320 0  16
321 1  17
322 0  18
323 1  19
324 1  19
325 0  20
326 1  21
327 0  22
328 0  20
329 1  21
330 0  22
331 1  23
332 1  23
333 0  24
334 1  25
335 0  26
336 1  21
337 0  22
338 1  23
339 0  24
340 0  24
341 1  25
342 0  26
343 1  27
344 1  25
345 0  26
346 1  27
347 0  28
348 0  28
349 1  29
350 0  30
351 1  31
352 0  22
353 1  23
354 0  24
355 1  25
356 1  25
357 0  26
358 1  27
359 0  28
360 0  26
361 1  27
362 0  28
363 1  29
364 1  29
365 0  30
366 1  31
367 0  32
368 1  27
369 0  28
370 1  29
371 0  30
372 0  30
373 1  31
374 0  32
375 1  33
376 1  31
377 0  32
378 1  33
379 0  34
380 0  34
381 1  35
382 0  36
383 1  37
384 1  17
385 0  18
386 1  19
387 0  20
388 0  20
389 1  21
390 0  22
391 1  23
392 1  21
393 0  22
394 1  23
395 0  24
396 0  24
397 1  25
398 0  26
399 1  27
400 0  22
401 1  23
402 0  24
403 1  25
404 1  25
405 0  26
406 1  27
407 0  28
408 0  26
409 1  27
410 0  28
411 1  29
412 1  29
413 0  30
414 1  31
415 0  32
416 1  23
417 0  24
418 1  25
419 0  26
420 0  26
421 1  27
422 0  28
423 1  29
424 1  27
425 0  28
426 1  29
427 0  30
428 0  30
429 1  31
430 0  32
431 1  33
432 0  28
433 1  29
434 0  30
435 1  31
436 1  31
437 0  32
438 1  33
439 0  34
440 0  32
441 1  33
442 0  34
443 1  35
444 1  35
445 0  36
446 1  37
447 0  38
448 0  24
449 1  25
450 0  26
451 1  27
452 1  27
453 0  28
454 1  29
455 0  30
456 0  28
457 1  29
458 0  30
459 1  31
460 1  31
461 0  32
462 1  33
463 0  34
464 1  29
465 0  30
466 1  31
467 0  32
468 0  32
469 1  33
470 0  34
471 1  35
472 1  33
473 0  34
474 1  35
475 0  36
476 0  36
477 1  37
478 0  38
479 1  39
480 0  30
481 1  31
482 0  32
483 1  33
484 1  33
485 0  34
486 1  35
487 0  36
488 0  34
489 1  35
490 0  36
491 1  37
492 1  37
493 0  38
494 1  39
495 0  40
496 1  35
497 0  36
498 1  37
499 0  38
500 0  38
501 1  39
502 0  40
503 1  41
504 1  39
505 0  40
506 1  41
507 0  42
508 0  42
509 1  43
510 0  44
511 1  45
512 0  10
513 1  11
514 0  12
515 1  13
516 1  13
517 0  14
518 1  15
519 0  16
520 0  14
521 1  15
522 0  16
523 1  17
524 1  17
525 0  18
526 1  19
527 0  20
528 1  15
529 0  16
530 1  17
531 0  18
532 0  18
533 1  19
534 0  20
535 1  21
536 1  19
537 0  20
538 1  21
539 0  22
540 0  22
541 1  23
542 0  24
543 1  25
544 0  16
545 1  17
546 0  18
547 1  19
548 1  19
549 0  20
550 1  21
551 0  22
552 0  20
553 1  21
554 0  22
555 1  23
556 1  23
557 0  24
558 1  25
559 0  26
560 1  21
561 0  22
562 1  23
563 0  24
564 0  24
565 1  25
566 0  26
567 1  27
568 1  25
569 0  26
570 1  27
571 0  28
572 0  28
573 1  29
574 0  30
575 1  31
576 1  17
577 0  18
578 1  19
579 0  20
580 0  20
581 1  21
582 0  22
583 1  23
584 1  21
585 0  22
586 1  23
587 0  24
588 0  24
589 1  25
590 0  26
591 1  27
592 0  22
593 1  23
594 0  24
595 1  25
596 1  25
597 0  26
598 1  27
599 0  28
600 0  26
601 1  27
602 0  28
603 1  29
604 1  29
605 0  30
606 1  31
607 0  32
608 1  23
609 0  24
610 1  25
611 0  26
612 0  26
613 1  27
614 0  28
615 1  29
616 1  27
617 0  28
618 1  29
619 0  30
620 0  30
621 1  31
622 0  32
623 1  33
624 0  28
625 1  29
626 0  30
627 1  31
628 1  31
629 0  32
630 1  33
631 0  34
632 0  32
633 1  33
634 0  34
635 1  35
636 1  35
637 0  36
638 1  37
639 0  38
640 0  18
641 1  19
642 0  20
643 1  21
644 1  21
645 0  22
646 1  23
647 0  24
648 0  22
649 1  23
650 0  24
651 1  25
652 1  25
653 0  26
654 1  27
655 0  28
656 1  23
657 0  24
658 1  25
659 0  26
660 0  26
661 1  27
662 0  28
663 1  29
664 1  27
665 0  28
666 1  29
667 0  30
668 0  30
669 1  31
670 0  32
671 1  33
672 0  24
673 1  25
674 0  26
675 1  27
676 1  27
677 0  28
678 1  29
679 0  30
680 0  28
681 1  29
682 0  30
683 1  31
684 1  31
685 0  32
686 1  33
687 0  34
688 1  29
689 0  30
690 1  31
691 0  32
692 0  32
693 1  33
694 0  34
695 1  35
696 1  33
697 0  34
698 1  35
699 0  36
700 0  36
701 1  37
702 0  38
703 1  39
704 1  25
705 0  26
706 1  27
707 0  28
708 0  28
709 1  29
710 0  30
711 1  31
712 1  29
713 0  30
714 1  31
715 0  32
716 0  32
717 1  33
718 0  34
719 1  35
720 0  30
721 1  31
722 0  32
723 1  33
724 1  33
725 0  34
726 1  35
727 0  36
728 0  34
729 1  35
730 0  36
731 1  37
732 1  37
733 0  38
734 1  39
735 0  40
736 1  31
737 0  32
738 1  33
739 0  34
740 0  34
741 1  35
742 0  36
743 1  37
744 1  35
745 0  36
746 1  37
747 0  38
748 0  38
749 1  39
750 0  40
751 1  41
752 0  36
753 1  37
754 0  38
755 1  39
756 1  39
757 0  40
758 1  41
759 0  42
760 0  40
761 1  41
762 0  42
763 1  43
764 1  43
765 0  44
766 1  45
767 0  46
768 1  19
769 0  20
770 1  21
771 0  22
772 0  22
773 1  23
774 0  24
775 1  25
776 1  23
777 0  24
778 1  25
779 0  26
780 0  26
781 1  27
782 0  28
783 1  29
784 0  24
785 1  25
786 0  26
787 1  27
788 1  27
789 0  28
790 1  29
791 0  30
792 0  28
793 1  29
794 0  30
795 1  31
796 1  31
797 0  32
798 1  33
799 0  34
800 1  25
801 0  26
802 1  27
803 0  28
804 0  28
805 1  29
806 0  30
807 1  31
808 1  29
809 0  30
810 1  31
811 0  32
812 0  32
813 1  33
814 0  34
815 1  35
816 0  30
817 1  31
818 0  32
819 1  33
820 1  33
821 0  34
822 1  35
823 0  36
824 0  34
825 1  35
826 0  36
827 1  37
828 1  37
829 0  38
830 1  39
831 0  40
832 0  26
833 1  27
834 0  28
835 1  29
836 1  29
837 0  30
838 1  31
839 0  32
840 0  30
841 1  31
842 0  32
843 1  33
844 1  33
845 0  34
846 1  35
847 0  36
848 1  31
849 0  32
850 1  33
851 0  34
852 0  34
853 1  35
854 0  36
855 1  37
856 1  35
857 0  36
858 1  37
859 0  38
860 0  38
861 1  39
862 0  40
863 1  41
864 0  32
865 1  33
866 0  34
867 1  35
868 1  35
869 0  36
870 1  37
871 0  38
872 0  36
873 1  37
874 0  38
875 1  39
876 1  39
877 0  40
878 1  41
879 0  42
880 1  37
881 0  38
882 1  39
883 0  40
884 0  40
885 1  41
886 0  42
887 1  43
888 1  41
889 0  42
890 1  43
891 0  44
892 0  44
893 1  45
894 0  46
895 1  47
896 1  27
897 0  28
898 1  29
899 0  30
900 0  30
901 1  31
902 0  32
903 1  33
904 1  31
905 0  32
906 1  33
907 0  34
908 0  34
909 1  35
910 0  36
911 1  37
912 0  32
913 1  33
914 0  34
915 1  35
916 1  35
917 0  36
918 1  37
919 0  38
920 0  36
921 1  37
922 0  38
923 1  39
924 1  39
925 0  40
926 1  41
927 0  42
928 1  33
929 0  34
930 1  35
931 0  36
932 0  36
933 1  37
934 0  38
935 1  39
936 1  37
937 0  38
938 1  39
939 0  40
940 0  40
941 1  41
942 0  42
943 1  43
944 0  38
945 1  39
946 0  40
947 1  41
948 1  41
949 0  42
950 1  43
951 0  44
952 0  42
953 1  43
954 0  44
955 1  45
956 1  45
957 0  46
958 1  47
959 0  48
960 0  34
961 1  35
962 0  36
963 1  37
964 1  37
965 0  38
966 1  39
967 0  40
968 0  38
969 1  39
970 0  40
971 1  41
972 1  41
973 0  42
974 1  43
975 0  44
976 1  39
977 0  40
978 1  41
979 0  42
980 0  42
981 1  43
982 0  44
983 1  45
984 1  43
985 0  44
986 1  45
987 0  46
988 0  46
989 1  47
990 0  48
991 1  49
992 0  40
993 1  41
994 0  42
995 1  43
996 1  43
997 0  44
998 1  45
999 0  46
1000 0  44
1001 1  45
1002 0  46
1003 1  47
1004 1  47
1005 0  48
1006 1  49
1007 0  50
1008 1  45
1009 0  46
1010 1  47
1011 0  48
1012 0  48
1013 1  49
1014 0  50
1015 1  51
1016 1  49
1017 0  50
1018 1  51
1019 0  52
1020 0  52
1021 1  53
1022 0  54
1023 1  55
1024 1  11
