100
10 1000000
1000 999 998 997 996 995 994 993 992 991 
52434 212245 805332 704151 669079 410077 588841 344328 69303 660451 
10 1000000
1000 999 998 997 996 995 994 993 992 991 
691547 452072 636581 631763 659520 485216 786620 661311 982481 770802 
10 1000000
1000 999 998 997 996 995 994 993 992 991 
55219 777051 884019 580020 906440 558840 707308 384459 284884 39092 
10 1000000
1000 999 998 997 996 995 994 993 992 991 
194726 321548 804203 118415 82261 411092 364159 114240 188719 79491 
10 1000000
1000 999 998 997 996 995 994 993 992 991 
107562 467056 349951 846761 504787 193403 124406 704396 861471 828609 
10 1000000
1000 999 998 997 996 995 994 993 992 991 
377764 178169 805792 963946 409098 967438 888977 669489 918601 525328 
10 1000000
1000 999 998 997 996 995 994 993 992 991 
289130 116282 514651 201779 789255 930539 241510 749652 816507 820543 
10 1000000
1000 999 998 997 996 995 994 993 992 991 
883482 396106 223009 515337 886169 641757 705015 128866 672869 860587 
10 1000000
1000 999 998 997 996 995 994 993 992 991 
678041 524770 834477 713697 973559 354773 787016 621040 705478 578658 
10 1000000
1000 999 998 997 996 995 994 993 992 991 
809756 965231 175287 884653 820069 97300 672987 349574 962521 913459 
10 1000000
1000 999 998 997 996 995 994 993 992 991 
993509 472080 881086 768339 751948 212968 871097 295261 916992 197944 
10 1000000
1000 999 998 997 996 995 994 993 992 991 
679049 326602 464122 569551 620526 823923 799773 275544 442019 576568 
10 1000000
1000 999 998 997 996 995 994 993 992 991 
741243 76651 809445 358576 19650 276608 147612 536559 833776 192365 
10 1000000
1000 999 998 997 996 995 994 993 992 991 
458756 902731 328776 685746 207612 775787 338685 707478 650500 259046 
10 1000000
1000 999 998 997 996 995 994 993 992 991 
902515 356162 799132 645737 694856 282115 399435 488606 947269 544034 
10 1000000
1000 999 998 997 996 995 994 993 992 991 
743817 426955 749918 738323 589150 443845 170695 720541 406286 434398 
10 1000000
1000 999 998 997 996 995 994 993 992 991 
699661 637702 160961 594557 948361 124736 434388 422242 248296 951101 
10 1000000
1000 999 998 997 996 995 994 993 992 991 
35379 439420 180788 760758 544360 288028 661182 707843 842988 182669 
10 1000000
1000 999 998 997 996 995 994 993 992 991 
390601 206863 857085 422358 890391 327494 557801 222365 141370 157186 
10 1000000
1000 999 998 997 996 995 994 993 992 991 
290680 530685 432154 767613 245834 95539 830935 506412 614803 731311 
10 1000000
1000 999 998 997 996 995 994 993 992 991 
292133 132649 794697 326187 901519 424090 679833 632202 40386 899418 
10 1000000
1000 999 998 997 996 995 994 993 992 991 
718778 154123 246340 68400 823656 403486 878331 902895 876167 651544 
10 1000000
1000 999 998 997 996 995 994 993 992 991 
412207 766664 923595 121877 267251 322000 92905 185028 283580 118902 
10 1000000
1000 999 998 997 996 995 994 993 992 991 
217385 566779 126772 645470 346555 741512 806852 875539 895208 538029 
10 1000000
1000 999 998 997 996 995 994 993 992 991 
517035 229124 712766 411958 495784 778915 218332 953829 914633 296247 
10 1000000
1000 999 998 997 996 995 994 993 992 991 
346778 267281 901000 120286 998102 634095 299118 822208 307962 8795 
10 1000000
1000 999 998 997 996 995 994 993 992 991 
976457 66258 840540 318967 904469 110685 745687 216125 178967 819634 
10 1000000
1000 999 998 997 996 995 994 993 992 991 
237138 868719 193098 309842 841862 269863 417443 751736 717111 941898 
10 1000000
1000 999 998 997 996 995 994 993 992 991 
779806 792570 850754 252234 203462 896342 308495 988505 152552 568231 
10 1000000
1000 999 998 997 996 995 994 993 992 991 
819191 973217 752548 165847 932975 432624 963360 381676 174834 674054 
10 1000000
1000 999 998 997 996 995 994 993 992 991 
716278 637492 140980 325071 309475 508797 90167 131587 281667 143955 
10 1000000
1000 999 998 997 996 995 994 993 992 991 
474377 498714 579616 872017 81950 776646 941240 316982 979458 606849 
10 1000000
1000 999 998 997 996 995 994 993 992 991 
906238 139932 476727 331585 203482 648682 541634 496612 896529 857710 
10 1000000
1000 999 998 997 996 995 994 993 992 991 
314182 695557 394633 246950 75551 34668 419121 272860 145728 236072 
10 1000000
1000 999 998 997 996 995 994 993 992 991 
763320 207807 570436 731575 83829 538234 519840 53012 140577 385341 
10 1000000
1000 999 998 997 996 995 994 993 992 991 
154690 233796 44984 357116 22082 947514 310887 924517 263420 878142 
10 1000000
1000 999 998 997 996 995 994 993 992 991 
923189 818654 72600 471273 319609 855703 458836 384604 91865 343998 
10 1000000
1000 999 998 997 996 995 994 993 992 991 
238794 10827 811053 785677 318921 19938 985656 812229 541705 215215 
10 1000000
1000 999 998 997 996 995 994 993 992 991 
779524 516391 883010 913241 725468 557601 729969 613518 891247 543563 
10 1000000
1000 999 998 997 996 995 994 993 992 991 
505161 129825 636421 565264 70483 275668 886927 23846 476170 274990 
10 1000000
1000 999 998 997 996 995 994 993 992 991 
17855 698279 48516 134100 327167 232487 145489 846760 704946 403643 
10 1000000
1000 999 998 997 996 995 994 993 992 991 
950164 990462 147136 305340 607528 533257 325416 434341 781786 400785 
10 1000000
1000 999 998 997 996 995 994 993 992 991 
341103 581325 210299 68636 551972 919325 996541 803676 627106 959098 
10 1000000
1000 999 998 997 996 995 994 993 992 991 
340603 399337 490238 532704 2497 586765 110303 822194 165324 220547 
10 1000000
1000 999 998 997 996 995 994 993 992 991 
202508 784640 473340 487115 71664 498404 341488 174675 866751 866899 
10 1000000
1000 999 998 997 996 995 994 993 992 991 
245311 193685 664654 627219 757120 473764 676072 799190 229187 330700 
10 1000000
1000 999 998 997 996 995 994 993 992 991 
933420 544387 10416 628641 335922 594630 743493 473024 199228 33075 
10 1000000
1000 999 998 997 996 995 994 993 992 991 
559071 339054 974871 24374 303818 336760 251727 848495 990953 116100 
10 1000000
1000 999 998 997 996 995 994 993 992 991 
932623 264493 451460 869855 187254 786898 861933 525161 832918 166042 
10 1000000
1000 999 998 997 996 995 994 993 992 991 
278182 388675 515717 971900 707412 506822 930418 982099 864317 496620 
10 1000000
1000 999 998 997 996 995 994 993 992 991 
343188 686157 292941 546194 561453 465713 878150 513890 745382 804798 
10 1000000
1000 999 998 997 996 995 994 993 992 991 
940867 935266 271299 703249 15186 230575 510463 42671 489416 875003 
10 1000000
1000 999 998 997 996 995 994 993 992 991 
492825 39633 406097 44436 994199 141722 640387 291839 586326 340124 
10 1000000
1000 999 998 997 996 995 994 993 992 991 
904615 351135 377686 316006 917551 861609 678892 499215 708671 67975 
10 1000000
1000 999 998 997 996 995 994 993 992 991 
847795 270580 945691 933639 450017 574454 106977 390237 916761 857743 
10 1000000
1000 999 998 997 996 995 994 993 992 991 
493430 377012 568844 768830 199911 659011 624983 479358 924062 833196 
10 1000000
1000 999 998 997 996 995 994 993 992 991 
151485 501682 867512 622903 774918 182421 291949 492543 702937 302318 
10 1000000
1000 999 998 997 996 995 994 993 992 991 
916422 825779 745737 433880 517248 257801 933897 710860 985556 635593 
10 1000000
1000 999 998 997 996 995 994 993 992 991 
574936 371995 462826 793246 906693 112534 785230 130213 433685 897840 
10 1000000
1000 999 998 997 996 995 994 993 992 991 
202218 299931 140685 151000 888491 349302 691178 991256 690794 850481 
10 1000000
1000 999 998 997 996 995 994 993 992 991 
19605 947297 321309 104745 387067 436230 963154 950213 67489 903059 
10 1000000
1000 999 998 997 996 995 994 993 992 991 
387168 815842 705717 723009 250446 583441 980579 484213 224064 45304 
10 1000000
1000 999 998 997 996 995 994 993 992 991 
53302 625818 42355 872198 439034 427067 940221 650520 579706 283587 
10 1000000
1000 999 998 997 996 995 994 993 992 991 
128768 160460 82893 957532 488730 771039 653766 143146 502752 123070 
10 1000000
1000 999 998 997 996 995 994 993 992 991 
332267 820760 655826 974083 712556 666682 853250 5107 396059 215752 
10 1000000
1000 999 998 997 996 995 994 993 992 991 
640858 181744 652630 657039 57499 913598 453443 145572 644503 563331 
10 1000000
1000 999 998 997 996 995 994 993 992 991 
903627 833558 464130 426562 771641 703891 609766 496635 362873 123868 
10 1000000
1000 999 998 997 996 995 994 993 992 991 
826293 356193 704510 303881 80688 310560 607293 892807 183800 856764 
10 1000000
1000 999 998 997 996 995 994 993 992 991 
125807 321547 901174 847088 165670 329415 950335 927768 93568 621707 
10 1000000
1000 999 998 997 996 995 994 993 992 991 
3580 213202 489524 87571 101355 423069 687561 681538 189212 854747 
10 1000000
1000 999 998 997 996 995 994 993 992 991 
181178 245564 775204 783193 357590 766615 133294 186037 672709 100726 
10 1000000
1000 999 998 997 996 995 994 993 992 991 
594459 791993 627958 537739 342323 845337 727974 478575 47515 50441 
10 1000000
1000 999 998 997 996 995 994 993 992 991 
429635 765078 59682 385132 334503 962372 930805 291331 241940 323253 
10 1000000
1000 999 998 997 996 995 994 993 992 991 
911599 821001 437117 961194 459618 82257 720212 599178 544854 942020 
10 1000000
1000 999 998 997 996 995 994 993 992 991 
95551 749475 532022 774454 201429 909481 629185 96452 994622 534653 
10 1000000
1000 999 998 997 996 995 994 993 992 991 
5822 964650 210728 454254 903118 606388 166527 4452 733446 976416 
10 1000000
1000 999 998 997 996 995 994 993 992 991 
999941 924479 436085 753642 237093 625591 490907 808790 849437 979979 
10 1000000
1000 999 998 997 996 995 994 993 992 991 
482470 147820 513757 379554 120298 968041 356394 308847 145544 651404 
10 1000000
1000 999 998 997 996 995 994 993 992 991 
966684 132734 312622 72110 540765 794410 348003 85814 881311 808927 
10 1000000
1000 999 998 997 996 995 994 993 992 991 
409108 928951 865045 170766 453906 179481 337404 824177 255636 557961 
10 1000000
1000 999 998 997 996 995 994 993 992 991 
372259 296918 70791 702768 813293 585054 15177 618172 369547 366981 
10 1000000
1000 999 998 997 996 995 994 993 992 991 
380111 106563 953205 224413 649238 81691 350818 454896 714351 281655 
10 1000000
1000 999 998 997 996 995 994 993 992 991 
121401 840013 898418 899581 573862 818476 283681 904398 605868 180491 
10 1000000
1000 999 998 997 996 995 994 993 992 991 
682175 756778 681777 824806 536918 181024 319993 769151 721489 316818 
10 1000000
1000 999 998 997 996 995 994 993 992 991 
740481 555040 828368 336461 303143 234849 336265 530525 179255 322150 
10 1000000
1000 999 998 997 996 995 994 993 992 991 
635735 217409 927152 39060 917465 973112 209591 274123 65153 1791 
10 1000000
1000 999 998 997 996 995 994 993 992 991 
169881 619088 625414 195872 612894 550762 465031 149408 644996 770509 
10 1000000
1000 999 998 997 996 995 994 993 992 991 
47599 256521 124733 1436 618594 611867 835869 929811 329595 266886 
10 1000000
1000 999 998 997 996 995 994 993 992 991 
932177 329665 181129 728410 895075 546155 201891 647908 456956 270706 
10 1000000
1000 999 998 997 996 995 994 993 992 991 
469390 943942 213788 739966 529169 150186 49055 705452 583087 810148 
10 1000000
1000 999 998 997 996 995 994 993 992 991 
783952 760187 418489 714776 47056 914819 568565 783210 436358 39632 
10 1000000
1000 999 998 997 996 995 994 993 992 991 
995336 885798 494394 27040 273801 172307 668769 697119 112608 828161 
10 1000000
1000 999 998 997 996 995 994 993 992 991 
280112 42098 946629 530449 909981 117559 513866 893509 119960 291191 
10 1000000
1000 999 998 997 996 995 994 993 992 991 
825980 842513 992346 71242 778403 582760 352345 655500 686134 979784 
10 1000000
1000 999 998 997 996 995 994 993 992 991 
102124 709031 566598 899671 304596 624350 984920 36160 528213 598382 
10 1000000
1000 999 998 997 996 995 994 993 992 991 
974348 115558 691656 332540 368256 876970 751845 126934 734855 459915 
10 1000000
1000 999 998 997 996 995 994 993 992 991 
541973 940728 300683 608694 363914 625736 843963 786780 763536 646170 
10 1000000
1000 999 998 997 996 995 994 993 992 991 
398399 668743 187628 949682 325019 890539 742946 313796 129094 909628 
10 1000000
1000 999 998 997 996 995 994 993 992 991 
893828 18039 720283 965609 472400 850643 401750 816652 463435 817697 
10 1000000
1000 999 998 997 996 995 994 993 992 991 
301533 363586 285914 314932 831696 373474 78798 386210 945272 961479 
