20 100
0 0 0 0 0 0 0 0 0 0 0 0 0 0 0 0 0 0 0 0
13 1 89
1 3 21
15 4 10
9 13 80
1 9 3
0 6 6
17 5 48
0 16 41
2 0 23
6 15 17
14 3 4
0 5 5
10 5 72
1 11 78
1 2 52
0 3 97
5 14 37
11 14 31
11 2 75
11 0 31
6 14 99
0 17 51
5 7 81
1 6 84
8 0 60
15 11 23
1 17 47
3 2 26
10 4 25
17 4 78
16 9 3
4 11 29
9 6 8
16 1 83
7 1 37
18 1 65
13 17 97
11 13 26
5 3 79
5 2 57
6 2 42
7 0 48
5 11 40
0 14 88
1 12 40
7 2 48
12 2 46
13 2 34
19 0 58
18 0 32
4 5 53
5 15 2
2 8 55
19 2 8
8 6 27
1 8 11
4 14 41
7 10 10
3 8 83
9 3 45
10 3 3
14 1 88
12 3 8
7 11 29
6 17 2
3 15 61
16 3 53
3 17 74
18 3 4
1 15 32
10 0 18
4 6 86
12 13 69
8 4 18
9 4 68
13 0 29
11 3 61
4 12 6
4 13 77
1 19 23
13 3 53
16 4 84
9 0 8
18 4 62
4 19 26
5 6 29
9 2 42
2 17 91
9 5 73
4 1 7
12 0 70
12 5 94
13 5 86
4 2 19
4 0 6
11 9 64
2 10 86
18 5 34
19 5 98
7 6 40
50
15 6 0
16 6 0
7 13 0
3 17 0
7 10 0
5 19 0
9 1 0
1 17 0
0 8 0
9 7 0
13 18 0
13 1 0
11 3 0
4 10 0
6 0 0
1 15 0
0 14 0
13 3 0
17 9 0
7 13 0
17 1 0
1 0 0
2 12 0
8 16 0
2 16 0
0 13 0
17 11 0
10 4 0
15 4 0
1 17 0
14 4 0
8 4 0
7 14 0
17 16 0
0 13 0
5 4 0
19 5 0
19 13 0
2 12 0
1 3 0
19 4 0
11 3 0
15 1 0
18 17 0
11 5 0
19 7 0
15 18 0
16 6 0
10 0 0
13 11 0
