1000
1 0
1 0
1 0
2 0
3 0
5 0
1 0
5 0
6 1
1 0
4 1
6 1
2 0
8 1
11 0
15 0
16 1
16 1
16 1
9 0
17 1
13 1
23 1
11 0
15 1
21 1
9 0
3 0
7 1
25 0
10 0
29 1
5 0
24 0
24 1
30 1
2 1
5 0
21 1
16 1
38 0
6 1
32 0
41 1
21 0
4 1
7 1
21 0
34 0
15 1
49 1
47 1
4 0
49 1
47 0
12 1
6 0
16 0
59 0
14 1
52 1
46 0
42 0
10 0
55 1
49 1
25 0
49 1
25 0
52 0
39 0
4 0
52 0
30 0
13 0
64 0
21 0
39 0
36 1
50 1
16 0
62 1
4 1
38 0
10 0
46 0
33 1
87 0
65 0
84 0
58 1
52 0
45 1
52 1
68 1
87 1
94 1
63 1
50 0
95 0
7 1
4 0
32 1
81 1
38 0
2 1
39 1
13 0
81 1
88 0
12 1
108 1
62 0
8 0
80 1
98 0
51 0
52 0
12 0
82 0
53 0
3 0
81 1
23 0
15 1
121 1
113 0
28 1
127 0
85 1
4 1
91 1
32 1
80 0
66 0
91 0
128 1
60 0
112 1
125 1
42 0
13 1
48 1
135 1
125 1
97 1
146 1
13 0
100 0
64 1
82 1
51 0
97 0
95 1
41 1
14 1
7 0
104 0
104 0
88 1
134 0
130 0
79 0
138 1
97 0
158 1
70 0
42 0
107 0
8 1
144 0
40 0
100 1
169 0
146 1
90 1
43 1
29 1
73 1
82 0
53 1
111 0
153 1
174 0
76 0
49 0
33 0
70 1
12 1
28 0
91 0
19 1
96 0
191 1
96 1
74 0
78 1
102 0
66 0
141 1
112 1
97 0
70 1
120 1
91 1
127 1
145 0
24 1
60 0
175 1
39 1
205 1
45 0
92 1
146 1
204 0
204 0
99 0
211 0
128 0
101 1
16 0
6 1
25 0
108 0
97 0
218 1
17 1
169 1
184 0
31 0
116 0
106 1
5 1
45 0
6 0
95 0
27 0
34 1
70 0
227 1
30 0
132 0
220 0
142 1
136 0
59 1
99 0
155 0
184 1
229 1
95 1
89 1
72 0
3 1
137 1
184 0
105 1
60 1
224 1
63 1
71 1
120 0
227 1
3 0
129 1
9 0
15 0
187 1
81 1
177 0
104 0
52 1
236 0
66 1
187 0
73 1
133 1
188 1
267 0
110 1
50 0
244 0
76 0
92 0
281 0
79 0
108 1
163 0
124 1
172 1
207 1
242 1
146 1
197 1
180 0
108 1
44 0
147 1
60 1
9 1
55 1
51 0
146 1
102 1
72 0
303 0
171 1
243 0
135 0
276 1
275 0
160 0
192 0
269 0
310 0
92 0
124 0
117 1
60 1
302 1
199 1
165 0
249 0
242 1
147 0
48 1
86 1
22 0
307 0
50 1
302 0
303 0
120 1
176 1
188 0
242 1
292 1
90 0
55 0
57 0
187 1
274 1
131 0
185 0
150 1
84 1
153 1
226 1
14 1
178 1
238 0
244 1
39 0
74 0
121 1
182 1
350 0
56 1
10 1
168 1
242 1
317 1
316 0
119 0
45 0
162 1
66 1
111 0
24 1
3 0
182 1
357 0
46 0
305 0
339 0
196 0
378 1
210 1
111 0
18 0
95 0
172 1
108 0
119 0
146 1
110 0
22 1
351 1
161 0
47 1
258 1
286 0
317 1
151 0
352 1
316 0
6 1
316 1
118 1
42 1
27 0
123 0
102 1
291 0
7 0
97 1
398 1
11 1
156 1
4 1
330 1
183 0
361 0
362 1
356 0
119 0
168 1
324 0
351 0
272 0
328 1
129 1
15 0
124 1
351 0
211 1
311 1
36 1
214 1
149 1
324 1
164 1
193 1
158 1
68 1
214 0
257 0
160 1
392 1
103 1
406 0
138 1
381 1
138 0
246 0
226 1
121 1
143 1
207 1
255 0
417 0
345 0
392 0
107 1
173 0
277 0
237 0
101 1
246 0
324 0
327 0
288 1
313 1
438 1
225 0
243 0
81 0
183 0
136 0
341 0
335 0
382 0
377 1
407 0
144 0
97 0
227 0
403 0
341 1
242 0
48 1
289 1
437 1
200 0
211 0
387 1
440 0
272 1
325 0
190 0
218 0
28 1
410 1
375 1
100 1
130 1
415 1
24 0
116 1
360 0
136 1
264 1
278 0
382 1
269 1
115 1
481 1
23 0
479 1
357 0
209 0
86 0
287 1
506 0
211 0
511 0
49 1
282 1
449 1
291 1
304 0
426 0
66 1
73 0
426 0
440 0
115 0
32 1
506 0
154 0
418 1
320 0
445 0
251 1
512 1
401 0
295 1
235 1
510 0
107 1
5 0
478 1
395 0
494 1
258 1
22 0
380 1
96 0
30 0
458 1
201 1
530 0
505 1
60 0
6 0
10 0
103 1
302 0
399 0
266 1
457 1
40 0
497 0
528 0
506 0
306 1
16 1
215 1
219 1
157 1
225 0
207 0
281 0
533 1
506 0
221 0
352 1
77 1
334 0
18 1
523 0
399 1
394 1
129 0
329 1
94 0
329 0
407 1
185 1
350 1
87 1
378 0
252 1
139 0
121 1
376 0
143 1
63 1
250 1
15 1
518 0
310 0
87 0
416 0
6 1
301 0
182 0
465 1
193 1
251 1
472 0
32 0
46 1
430 0
167 0
69 0
245 0
103 0
619 1
578 0
79 0
246 0
101 0
172 1
294 0
3 1
382 1
364 0
136 1
114 1
580 0
179 0
183 1
106 1
40 0
524 0
549 1
483 0
42 1
26 0
205 1
315 0
311 1
117 1
69 1
552 0
373 0
18 1
181 0
533 1
105 1
638 1
430 0
4 1
42 1
85 1
113 0
40 0
215 1
351 0
639 1
662 1
245 0
497 0
47 0
23 0
246 1
374 1
307 1
500 0
183 1
436 1
92 1
395 0
296 1
33 0
441 0
657 1
151 0
646 1
550 0
317 1
307 1
196 1
216 1
207 1
394 1
42 1
326 1
615 0
453 1
30 0
128 1
688 1
428 1
615 0
308 0
38 0
248 0
692 0
279 1
697 0
27 0
483 1
384 1
5 1
247 0
223 0
505 0
37 1
303 1
610 1
458 1
616 0
120 0
523 0
101 1
299 1
343 1
405 0
206 0
141 0
107 1
360 0
382 0
541 1
304 1
540 1
632 1
339 0
464 0
47 1
572 1
87 1
711 0
386 1
29 1
503 1
512 0
61 1
137 1
56 1
659 1
714 1
579 1
453 1
131 1
648 1
202 1
640 1
478 0
179 0
105 0
151 0
395 1
571 1
68 1
300 1
567 0
560 1
356 1
436 1
172 0
154 0
589 0
417 0
59 1
198 0
255 0
481 1
355 1
275 0
33 1
718 0
768 1
50 1
81 1
662 1
398 0
180 1
66 0
445 1
166 1
497 1
577 1
95 1
669 0
123 0
583 1
323 0
756 1
615 0
453 0
679 1
502 1
198 0
45 1
687 1
575 0
123 1
252 0
156 1
493 0
517 1
314 1
626 0
500 1
777 0
98 0
778 1
432 1
439 0
289 1
79 0
460 1
778 1
126 0
641 0
20 1
312 0
168 1
251 0
161 1
579 1
184 0
548 0
129 1
740 1
716 0
769 0
283 1
21 0
647 1
789 1
646 1
641 0
497 0
803 1
219 1
161 0
675 1
672 0
354 0
442 0
220 0
94 1
773 1
99 1
136 1
387 0
696 1
511 0
729 0
731 0
464 0
151 0
211 0
116 0
646 1
205 0
854 0
510 0
462 1
55 1
817 0
144 1
312 1
348 1
121 1
21 1
546 1
563 1
542 1
323 0
8 1
542 1
585 0
828 1
11 1
557 1
661 1
322 0
409 1
305 0
336 0
93 0
249 1
367 1
725 0
136 0
396 0
665 0
170 0
47 0
332 1
498 0
466 0
849 1
174 1
540 0
795 1
516 1
401 0
721 1
751 1
536 0
885 0
61 0
805 1
617 0
837 1
754 1
291 1
29 1
835 1
92 1
100 0
18 1
820 0
289 0
167 1
413 0
555 1
641 0
353 1
609 0
900 1
132 1
428 1
245 0
789 0
451 0
540 1
777 1
604 0
524 1
904 1
388 0
56 0
52 1
272 0
256 1
345 1
433 1
505 1
773 0
848 1
317 1
616 0
286 1
579 1
175 1
21 1
672 1
179 1
937 1
832 1
219 0
776 1
651 0
453 1
788 1
336 0
911 1
270 0
786 0
328 0
716 1
500 1
381 0
639 1
272 1
236 0
60 0
805 1
55 0
903 1
684 0
164 1
502 0
356 0
973 0
355 1
168 1
795 0
295 1
187 0
579 0
284 1
48 0
766 0
77 0
909 0
970 1
73 1
753 1
12 0
112 0
500
164
373
858
45
263
619
709
925
450
949
700
986
269
407
904
643
387
592
973
176
259
513
170
553
562
400
42
891
480
180
95
456
930
394
916
635
156
740
975
24
250
155
592
120
793
761
638
157
709
247
514
398
736
432
308
62
32
572
917
221
690
361
388
418
790
710
975
768
305
508
679
11
532
50
801
698
284
331
991
976
288
758
778
563
246
72
892
875
279
114
405
582
831
634
932
871
368
410
496
479
579
682
769
738
162
314
420
12
916
159
259
872
481
783
925
217
235
124
287
372
803
794
922
849
192
385
45
255
425
548
633
147
371
346
436
860
515
612
364
129
698
213
422
932
789
33
565
600
635
712
305
310
425
942
275
598
502
933
55
729
233
12
173
832
293
140
107
792
342
853
344
710
372
629
11
204
56
340
972
854
751
846
958
852
523
772
247
580
560
676
247
169
562
144
452
424
142
84
936
981
496
179
829
349
821
293
150
49
79
93
354
247
914
968
242
874
154
264
597
382
783
466
766
507
480
744
994
517
839
66
705
626
151
203
488
366
993
933
159
735
459
34
973
457
284
144
234
471
481
91
484
594
680
333
746
36
548
205
268
753
353
62
670
294
276
417
80
843
869
571
728
464
78
318
341
989
920
287
215
463
219
429
260
237
446
27
968
443
423
827
199
387
926
470
914
267
801
156
870
690
977
558
486
107
582
710
437
102
730
512
659
774
797
727
549
243
839
639
96
185
383
297
761
445
528
622
401
411
1
477
9
117
627
92
103
583
95
67
569
98
888
249
846
524
803
424
193
898
771
421
129
54
539
558
754
400
114
6
498
723
565
898
972
223
36
561
341
177
225
301
594
731
248
906
798
512
356
282
18
32
222
304
550
450
242
116
338
681
273
468
589
1
876
468
423
828
308
308
485
850
214
811
427
708
92
896
893
516
237
660
857
954
230
816
75
931
455
448
179
640
603
686
811
518
16
953
192
540
241
492
774
29
511
916
833
719
81
437
739
438
378
995
759
287
150
641
430
253
974
572
851
850
21
741
731
504
167
953
393
420
393
863
878
67
798
407
131
504
633
350
479
748
661
250
642
189
978
843
815
302
39
644
249
620
420
832
708
526
195
383
734
916
70
618
643
170
550
511
212
463
