40 367
3 15
23 1
11 20
14 28
14 39
29 7
27 15
29 24
21 28
13 8
14 8
27 33
10 8
39 36
26 14
28 31
32 18
2 16
6 40
10 38
2 12
16 34
29 19
40 8
25 30
27 16
3 37
23 34
27 19
23 16
6 13
1 19
9 39
35 15
21 15
10 7
9 13
25 37
26 2
33 3
40 24
23 8
10 31
4 20
27 36
29 13
17 29
10 29
6 24
10 5
1 8
33 18
20 16
32 15
2 31
27 8
31 36
5 36
5 34
37 20
26 33
19 28
25 28
6 15
26 34
23 13
5 29
32 39
25 35
25 31
27 6
9 20
23 4
32 12
13 18
6 30
20 24
23 32
23 29
26 15
27 4
26 31
3 19
22 17
5 35
10 12
32 6
17 6
2 7
22 15
39 19
4 28
1 17
40 12
19 8
35 24
25 34
23 9
21 7
16 18
29 15
1 14
32 9
34 31
6 37
26 7
27 32
40 36
11 21
29 36
34 30
35 16
14 17
37 24
7 16
22 33
7 31
4 21
19 38
1 34
11 8
17 3
9 3
4 14
11 25
1 39
35 30
17 33
39 34
14 35
13 16
40 16
2 6
8 18
23 28
1 25
33 29
21 24
22 28
25 21
33 39
17 40
17 35
30 18
23 22
39 8
26 3
20 15
1 20
10 9
19 31
33 20
33 35
28 36
1 7
14 20
27 38
10 21
20 30
40 35
23 24
38 16
40 38
14 15
11 37
3 35
30 24
22 40
4 35
11 7
6 7
5 7
19 16
32 38
27 35
23 10
17 8
19 24
2 29
14 21
2 9
40 21
1 21
16 15
4 6
33 28
6 18
8 24
10 6
2 28
37 7
6 19
27 9
2 21
26 36
28 16
29 31
6 35
5 25
2 30
17 25
12 31
12 28
4 38
32 28
36 15
38 28
22 7
2 33
4 15
23 14
2 18
26 8
21 31
27 14
26 11
14 40
11 38
13 21
3 36
14 13
33 40
27 30
9 30
33 36
40 28
10 34
27 5
4 32
39 13
14 5
22 39
23 2
5 40
4 8
39 15
1 2
6 29
13 35
4 30
26 10
14 6
2 37
21 36
40 19
35 7
22 29
22 30
27 22
32 16
25 18
4 7
32 20
40 15
14 7
11 14
17 12
31 18
29 20
9 40
2 17
4 19
13 31
11 3
9 5
37 12
27 23
1 31
26 20
37 19
32 37
3 38
27 3
13 15
12 38
9 16
29 8
32 34
1 30
32 26
11 39
39 21
8 36
39 7
22 16
1 9
1 37
37 29
28 34
14 12
21 16
9 19
34 8
32 29
7 24
39 37
6 39
4 39
19 20
38 30
11 6
38 18
9 34
5 6
39 38
4 3
22 25
4 34
21 12
22 35
2 20
37 36
10 18
11 16
14 31
10 39
11 19
40 20
32 10
5 21
11 2
2 36
1 3
14 16
23 3
39 28
26 22
2 8
26 13
10 40
27 12
40 29
27 34
39 40
25 13
9 17
23 33
9 29
33 34
32 3
25 40
13 19
23 36
26 25
1 6
3 29
26 16
6 28
32 22
9 36
23 6
4 36
26 6
10 20
11 29
1 35
35 8
29 35
1 29
32 8
14 18
9 12
37 8
37 38
33 25
3 21
23 38
