979648 0 592248 0 538286 0 0 0 771872 0 0 0 0 458211 533353 672533 563304 89401 902015 499234 703423 964529 0 0 903424 99688 564182 0 370021 36192 97045 953520 123383 965489 966019 0 0 0 0 23484 833817 299677 646382 397644 276864 0 0 475211 666764 821299
950417 950417 950417 950417 950417 950417 950417 950417 950417 950417 950417 950417 950417 950417 950417 950417 950417 89401 902015 950417 950417 950417 950417 950417 950417 950417 950417 950417 950417 950417 950417 950417 950417 950417 950417 950417 950417 950417 950417 950417 950417 950417 950417 397644 276864 950417 950417 950417 950417 950417
979648 0 592248 0 538286 0 0 0 771872 0 0 0 0 458211 533353 672533 563304 89401 902015 499234 703423 964529 0 0 903424 99688 564182 0 370021 36192 97045 953520 123383 965489 966019 0 0 0 0 23484 833817 299677 646382 397644 276864 0 0 475211 666764 821299
979648 0 592248 0 538286 0 0 0 771872 0 0 0 0 458211 533353 672533 563304 89401 902015 499234 703423 964529 0 0 903424 99688 564182 0 370021 36192 97045 953520 123383 965489 966019 0 0 0 0 23484 833817 299677 646382 397644 276864 0 0 475211 666764 821299
147074 147074 592248 147074 147074 147074 147074 147074 771872 147074 147074 147074 147074 458211 147074 672533 147074 89401 902015 147074 147074 147074 147074 147074 903424 147074 147074 147074 147074 147074 97045 147074 123383 965489 147074 147074 147074 147074 147074 23484 147074 147074 646382 397644 276864 147074 147074 147074 666764 147074
125843 125843 125843 125843 125843 125843 125843 125843 771872 125843 125843 125843 125843 125843 125843 125843 125843 89401 902015 125843 125843 125843 125843 125843 125843 125843 125843 125843 125843 125843 97045 125843 123383 125843 125843 125843 125843 125843 125843 23484 125843 125843 125843 397644 276864 125843 125843 125843 666764 125843
979648 0 592248 0 538286 0 0 0 771872 0 0 0 0 458211 533353 672533 563304 89401 902015 499234 703423 964529 0 0 903424 99688 564182 0 370021 36192 97045 953520 123383 965489 966019 0 0 0 0 23484 833817 299677 646382 397644 276864 0 0 475211 666764 821299
979648 0 592248 0 538286 0 0 0 771872 0 0 0 0 458211 533353 672533 563304 89401 902015 499234 703423 964529 0 0 903424 99688 564182 0 370021 36192 97045 953520 123383 965489 966019 0 0 0 0 23484 833817 299677 646382 397644 276864 0 0 475211 666764 821299
117853 117853 592248 117853 117853 117853 117853 117853 771872 117853 117853 117853 117853 458211 117853 672533 117853 89401 902015 117853 117853 964529 117853 117853 903424 117853 117853 117853 117853 117853 97045 117853 123383 965489 966019 117853 117853 117853 117853 23484 117853 117853 646382 397644 276864 117853 117853 475211 666764 117853
331745 331745 331745 331745 331745 331745 331745 331745 771872 331745 331745 331745 331745 331745 331745 331745 331745 89401 902015 331745 331745 331745 331745 331745 331745 331745 331745 331745 331745 331745 331745 331745 123383 331745 331745 331745 331745 331745 331745 331745 331745 331745 331745 397644 276864 331745 331745 331745 666764 331745
295494 295494 295494 295494 295494 295494 295494 295494 771872 295494 295494 295494 295494 295494 295494 295494 295494 89401 902015 295494 295494 295494 295494 295494 295494 295494 295494 295494 295494 295494 295494 295494 123383 295494 295494 295494 295494 295494 295494 295494 295494 295494 295494 397644 276864 295494 295494 295494 666764 295494
979648 471323 592248 471323 538286 471323 471323 471323 771872 471323 471323 471323 471323 458211 533353 672533 563304 89401 902015 471323 703423 964529 471323 471323 903424 99688 471323 471323 471323 471323 97045 471323 123383 965489 966019 471323 471323 471323 471323 23484 833817 299677 646382 397644 276864 471323 471323 475211 666764 821299
979648 0 592248 0 538286 0 0 0 771872 0 0 0 0 458211 533353 672533 563304 89401 902015 499234 703423 964529 0 0 903424 99688 564182 0 370021 36192 97045 953520 123383 965489 966019 0 0 0 0 23484 833817 299677 646382 397644 276864 0 0 475211 666764 821299
444339 444339 444339 444339 444339 444339 444339 444339 444339 444339 444339 444339 444339 444339 444339 444339 444339 89401 902015 444339 444339 444339 444339 444339 444339 444339 444339 444339 444339 444339 444339 444339 444339 444339 444339 444339 444339 444339 444339 444339 444339 444339 444339 397644 276864 444339 444339 444339 444339 444339
979648 0 592248 0 538286 0 0 0 771872 0 0 0 0 458211 533353 672533 563304 89401 902015 499234 703423 964529 0 0 903424 99688 564182 0 370021 36192 97045 953520 123383 965489 966019 0 0 0 0 23484 833817 299677 646382 397644 276864 0 0 475211 666764 821299
979648 0 592248 0 538286 0 0 0 771872 0 0 0 0 458211 533353 672533 563304 89401 902015 499234 703423 964529 0 0 903424 99688 564182 0 370021 36192 97045 953520 123383 965489 966019 0 0 0 0 23484 833817 299677 646382 397644 276864 0 0 475211 666764 821299
979648 563169 592248 563169 538286 563169 563169 563169 771872 563169 563169 563169 563169 458211 533353 672533 563304 89401 902015 499234 703423 964529 563169 563169 903424 99688 564182 563169 370021 36192 97045 953520 123383 965489 966019 563169 563169 563169 563169 23484 833817 299677 646382 397644 276864 563169 563169 475211 666764 821299
979648 0 592248 0 538286 0 0 0 771872 0 0 0 0 458211 533353 672533 563304 89401 902015 499234 703423 964529 0 0 903424 99688 564182 0 370021 36192 97045 953520 123383 965489 966019 0 0 0 0 23484 833817 299677 646382 397644 276864 0 0 475211 666764 821299
979648 755359 592248 755359 538286 755359 755359 755359 771872 755359 755359 755359 755359 458211 533353 672533 563304 89401 902015 755359 755359 964529 755359 755359 903424 99688 755359 755359 755359 755359 97045 755359 123383 965489 966019 755359 755359 755359 755359 23484 755359 755359 646382 397644 276864 755359 755359 475211 666764 821299
979648 125010 592248 125010 538286 125010 125010 125010 771872 125010 125010 125010 125010 458211 533353 672533 563304 89401 902015 125010 703423 964529 125010 125010 903424 99688 125010 125010 125010 125010 97045 125010 123383 965489 966019 125010 125010 125010 125010 23484 833817 299677 646382 397644 276864 125010 125010 475211 666764 821299
979648 0 592248 0 538286 0 0 0 771872 0 0 0 0 458211 533353 672533 563304 89401 902015 499234 703423 964529 0 0 903424 99688 564182 0 370021 36192 97045 953520 123383 965489 966019 0 0 0 0 23484 833817 299677 646382 397644 276864 0 0 475211 666764 821299
979648 644035 592248 644035 538286 644035 644035 644035 771872 644035 644035 644035 644035 458211 533353 672533 563304 89401 902015 499234 703423 964529 644035 644035 903424 99688 564182 644035 370021 36192 97045 644035 123383 965489 966019 644035 644035 644035 644035 23484 833817 299677 646382 397644 276864 644035 644035 475211 666764 821299
979648 0 592248 0 538286 0 0 0 771872 0 0 0 0 458211 533353 672533 563304 89401 902015 499234 703423 964529 0 0 903424 99688 564182 0 370021 36192 97045 953520 123383 965489 966019 0 0 0 0 23484 833817 299677 646382 397644 276864 0 0 475211 666764 821299
118571 118571 118571 118571 118571 118571 118571 118571 771872 118571 118571 118571 118571 458211 118571 672533 118571 89401 902015 118571 118571 118571 118571 118571 903424 118571 118571 118571 118571 118571 97045 118571 123383 965489 118571 118571 118571 118571 118571 23484 118571 118571 646382 397644 276864 118571 118571 118571 666764 118571
979648 0 592248 0 538286 0 0 0 771872 0 0 0 0 458211 533353 672533 563304 89401 902015 499234 703423 964529 0 0 903424 99688 564182 0 370021 36192 97045 953520 123383 965489 966019 0 0 0 0 23484 833817 299677 646382 397644 276864 0 0 475211 666764 821299
979648 0 592248 0 538286 0 0 0 771872 0 0 0 0 458211 533353 672533 563304 89401 902015 499234 703423 964529 0 0 903424 99688 564182 0 370021 36192 97045 953520 123383 965489 966019 0 0 0 0 23484 833817 299677 646382 397644 276864 0 0 475211 666764 821299
979648 0 592248 0 538286 0 0 0 771872 0 0 0 0 458211 533353 672533 563304 89401 902015 499234 703423 964529 0 0 903424 99688 564182 0 370021 36192 97045 953520 123383 965489 966019 0 0 0 0 23484 833817 299677 646382 397644 276864 0 0 475211 666764 821299
794170 794170 794170 794170 794170 794170 794170 794170 771872 794170 794170 794170 794170 458211 794170 672533 794170 89401 902015 794170 794170 794170 794170 794170 903424 794170 794170 794170 794170 794170 97045 794170 123383 794170 794170 794170 794170 794170 794170 23484 794170 794170 646382 397644 276864 794170 794170 794170 666764 794170
979648 621513 592248 621513 538286 621513 621513 621513 771872 621513 621513 621513 621513 458211 533353 672533 563304 89401 902015 499234 703423 964529 621513 621513 903424 99688 564182 621513 370021 621513 97045 621513 123383 965489 966019 621513 621513 621513 621513 23484 833817 299677 646382 397644 276864 621513 621513 475211 666764 821299
227209 227209 227209 227209 227209 227209 227209 227209 227209 227209 227209 227209 227209 227209 227209 227209 227209 89401 227209 227209 227209 227209 227209 227209 227209 227209 227209 227209 227209 227209 227209 227209 227209 227209 227209 227209 227209 227209 227209 227209 227209 227209 227209 227209 276864 227209 227209 227209 227209 227209
368344 368344 368344 368344 368344 368344 368344 368344 771872 368344 368344 368344 368344 368344 368344 368344 368344 89401 902015 368344 368344 368344 368344 368344 368344 368344 368344 368344 368344 368344 368344 368344 123383 368344 368344 368344 368344 368344 368344 368344 368344 368344 368344 397644 276864 368344 368344 368344 666764 368344
878398 878398 878398 878398 878398 878398 878398 878398 771872 878398 878398 878398 878398 458211 878398 672533 878398 89401 902015 878398 878398 878398 878398 878398 903424 878398 878398 878398 878398 878398 97045 878398 123383 965489 878398 878398 878398 878398 878398 23484 878398 878398 646382 397644 276864 878398 878398 878398 666764 878398
338785 338785 338785 338785 338785 338785 338785 338785 338785 338785 338785 338785 338785 338785 338785 338785 338785 89401 338785 338785 338785 338785 338785 338785 338785 338785 338785 338785 338785 338785 338785 338785 338785 338785 338785 338785 338785 338785 338785 338785 338785 338785 338785 338785 276864 338785 338785 338785 338785 338785
979648 755345 592248 755345 538286 755345 755345 755345 771872 755345 755345 755345 755345 458211 533353 672533 563304 89401 902015 499234 703423 964529 755345 755345 903424 99688 564182 755345 370021 755345 97045 755345 123383 965489 966019 755345 755345 755345 755345 23484 833817 299677 646382 397644 276864 755345 755345 475211 666764 821299
174931 174931 174931 174931 174931 174931 174931 174931 771872 174931 174931 174931 174931 174931 174931 174931 174931 89401 902015 174931 174931 174931 174931 174931 174931 174931 174931 174931 174931 174931 174931 174931 123383 174931 174931 174931 174931 174931 174931 174931 174931 174931 174931 397644 276864 174931 174931 174931 666764 174931
979648 586797 592248 586797 538286 586797 586797 586797 771872 586797 586797 586797 586797 458211 533353 672533 563304 89401 902015 586797 703423 964529 586797 586797 903424 99688 586797 586797 586797 586797 97045 586797 123383 965489 966019 586797 586797 586797 586797 23484 833817 299677 646382 397644 276864 586797 586797 475211 666764 821299
979648 0 592248 0 538286 0 0 0 771872 0 0 0 0 458211 533353 672533 563304 89401 902015 499234 703423 964529 0 0 903424 99688 564182 0 370021 36192 97045 953520 123383 965489 966019 0 0 0 0 23484 833817 299677 646382 397644 276864 0 0 475211 666764 821299
856317 856317 856317 856317 856317 856317 856317 856317 771872 856317 856317 856317 856317 856317 856317 856317 856317 89401 902015 856317 856317 856317 856317 856317 856317 856317 856317 856317 856317 856317 856317 856317 123383 856317 856317 856317 856317 856317 856317 856317 856317 856317 856317 397644 276864 856317 856317 856317 666764 856317
979648 202071 592248 202071 538286 202071 202071 202071 771872 202071 202071 202071 202071 458211 533353 672533 563304 89401 902015 202071 202071 964529 202071 202071 903424 99688 202071 202071 202071 202071 97045 202071 123383 965489 966019 202071 202071 202071 202071 23484 833817 299677 646382 397644 276864 202071 202071 475211 666764 821299
702695 702695 702695 702695 702695 702695 702695 702695 771872 702695 702695 702695 702695 702695 702695 702695 702695 89401 902015 702695 702695 702695 702695 702695 702695 702695 702695 702695 702695 702695 97045 702695 123383 702695 702695 702695 702695 702695 702695 23484 702695 702695 702695 397644 276864 702695 702695 702695 666764 702695
979648 0 592248 0 538286 0 0 0 771872 0 0 0 0 458211 533353 672533 563304 89401 902015 499234 703423 964529 0 0 903424 99688 564182 0 370021 36192 97045 953520 123383 965489 966019 0 0 0 0 23484 833817 299677 646382 397644 276864 0 0 475211 666764 821299
724285 724285 592248 724285 724285 724285 724285 724285 771872 724285 724285 724285 724285 458211 724285 672533 724285 89401 902015 724285 724285 724285 724285 724285 903424 724285 724285 724285 724285 724285 97045 724285 123383 965489 724285 724285 724285 724285 724285 23484 724285 724285 646382 397644 276864 724285 724285 724285 666764 724285
979648 938931 592248 938931 538286 938931 938931 938931 771872 938931 938931 938931 938931 458211 533353 672533 563304 89401 902015 499234 703423 964529 938931 938931 903424 99688 564182 938931 370021 36192 97045 953520 123383 965489 966019 938931 938931 938931 938931 23484 833817 299677 646382 397644 276864 938931 938931 475211 666764 821299
515152 515152 515152 515152 515152 515152 515152 515152 515152 515152 515152 515152 515152 515152 515152 515152 515152 89401 902015 515152 515152 515152 515152 515152 515152 515152 515152 515152 515152 515152 515152 515152 515152 515152 515152 515152 515152 515152 515152 515152 515152 515152 515152 397644 276864 515152 515152 515152 515152 515152
979648 0 592248 0 538286 0 0 0 771872 0 0 0 0 458211 533353 672533 563304 89401 902015 499234 703423 964529 0 0 903424 99688 564182 0 370021 36192 97045 953520 123383 965489 966019 0 0 0 0 23484 833817 299677 646382 397644 276864 0 0 475211 666764 821299
943170 943170 592248 943170 943170 943170 943170 943170 771872 943170 943170 943170 943170 458211 943170 672533 943170 89401 902015 943170 943170 964529 943170 943170 903424 943170 943170 943170 943170 943170 97045 943170 123383 965489 966019 943170 943170 943170 943170 23484 943170 943170 646382 397644 276864 943170 943170 475211 666764 943170
979648 0 592248 0 538286 0 0 0 771872 0 0 0 0 458211 533353 672533 563304 89401 902015 499234 703423 964529 0 0 903424 99688 564182 0 370021 36192 97045 953520 123383 965489 966019 0 0 0 0 23484 833817 299677 646382 397644 276864 0 0 475211 666764 821299
979648 0 592248 0 538286 0 0 0 771872 0 0 0 0 458211 533353 672533 563304 89401 902015 499234 703423 964529 0 0 903424 99688 564182 0 370021 36192 97045 953520 123383 965489 966019 0 0 0 0 23484 833817 299677 646382 397644 276864 0 0 475211 666764 821299
890463 890463 890463 890463 890463 890463 890463 890463 771872 890463 890463 890463 890463 890463 890463 672533 890463 89401 902015 890463 890463 890463 890463 890463 890463 890463 890463 890463 890463 890463 97045 890463 123383 890463 890463 890463 890463 890463 890463 23484 890463 890463 646382 397644 276864 890463 890463 890463 666764 890463
236586 236586 236586 236586 236586 236586 236586 236586 771872 236586 236586 236586 236586 236586 236586 236586 236586 89401 902015 236586 236586 236586 236586 236586 236586 236586 236586 236586 236586 236586 236586 236586 123383 236586 236586 236586 236586 236586 236586 23484 236586 236586 236586 397644 276864 236586 236586 236586 666764 236586
73182 293938 0 0 0 324599 524370 579636 0 0 0 148217 43773 669872 992507 42396 999976 0 0 45373 964606 746427 0 0 0 0 740005 476672 0 208178 0 833160 174395 152438 275633 665477 1789 423543 41833 0 517411 68371 664917 306013 0 0 965712 31650 0 93972
883158 293938 883158 883158 883158 324599 883158 579636 883158 883158 883158 883158 43773 669872 992507 42396 883158 883158 883158 883158 964606 746427 883158 883158 883158 883158 883158 476672 883158 208178 883158 833160 174395 883158 883158 883158 1789 423543 883158 883158 517411 68371 883158 883158 883158 883158 965712 883158 883158 883158
315302 293938 315302 315302 315302 324599 315302 579636 315302 315302 315302 315302 43773 669872 992507 42396 315302 315302 315302 315302 964606 746427 315302 315302 315302 315302 315302 476672 315302 208178 315302 833160 174395 315302 315302 315302 1789 423543 41833 315302 517411 68371 315302 315302 315302 315302 965712 315302 315302 315302
111781 293938 111781 111781 111781 324599 111781 579636 111781 111781 111781 111781 43773 669872 992507 42396 111781 111781 111781 111781 964606 746427 111781 111781 111781 111781 111781 476672 111781 208178 111781 833160 174395 152438 111781 111781 1789 423543 41833 111781 517411 68371 111781 111781 111781 111781 965712 111781 111781 111781
73182 293938 0 0 0 324599 524370 579636 0 0 0 148217 43773 669872 992507 42396 999976 0 0 45373 964606 746427 0 0 0 0 740005 476672 0 208178 0 833160 174395 152438 275633 665477 1789 423543 41833 0 517411 68371 664917 306013 0 0 965712 31650 0 93972
73182 293938 0 0 0 324599 524370 579636 0 0 0 148217 43773 669872 992507 42396 999976 0 0 45373 964606 746427 0 0 0 0 740005 476672 0 208178 0 833160 174395 152438 275633 665477 1789 423543 41833 0 517411 68371 664917 306013 0 0 965712 31650 0 93972
280214 280214 280214 280214 280214 280214 280214 280214 280214 280214 280214 280214 280214 280214 280214 42396 280214 280214 280214 280214 280214 746427 280214 280214 280214 280214 280214 280214 280214 280214 280214 280214 280214 280214 280214 280214 280214 280214 280214 280214 280214 280214 280214 280214 280214 280214 280214 280214 280214 280214
73182 293938 0 0 0 324599 524370 579636 0 0 0 148217 43773 669872 992507 42396 999976 0 0 45373 964606 746427 0 0 0 0 740005 476672 0 208178 0 833160 174395 152438 275633 665477 1789 423543 41833 0 517411 68371 664917 306013 0 0 965712 31650 0 93972
793756 293938 793756 793756 793756 324599 793756 579636 793756 793756 793756 793756 43773 669872 793756 42396 793756 793756 793756 793756 964606 746427 793756 793756 793756 793756 793756 476672 793756 208178 793756 833160 174395 793756 793756 793756 793756 423543 793756 793756 517411 793756 793756 793756 793756 793756 965712 793756 793756 793756
727732 293938 727732 727732 727732 324599 727732 579636 727732 727732 727732 727732 43773 669872 992507 42396 727732 727732 727732 727732 964606 746427 727732 727732 727732 727732 727732 476672 727732 208178 727732 833160 174395 152438 727732 727732 1789 423543 41833 727732 517411 68371 664917 306013 727732 727732 965712 727732 727732 727732
531318 293938 531318 531318 531318 324599 531318 579636 531318 531318 531318 531318 43773 669872 992507 42396 531318 531318 531318 531318 964606 746427 531318 531318 531318 531318 531318 476672 531318 208178 531318 833160 174395 531318 531318 531318 1789 423543 41833 531318 517411 68371 531318 531318 531318 531318 965712 531318 531318 531318
73182 293938 0 0 0 324599 524370 579636 0 0 0 148217 43773 669872 992507 42396 999976 0 0 45373 964606 746427 0 0 0 0 740005 476672 0 208178 0 833160 174395 152438 275633 665477 1789 423543 41833 0 517411 68371 664917 306013 0 0 965712 31650 0 93972
428007 428007 428007 428007 428007 428007 428007 428007 428007 428007 428007 428007 428007 428007 428007 42396 428007 428007 428007 428007 428007 746427 428007 428007 428007 428007 428007 428007 428007 428007 428007 428007 428007 428007 428007 428007 428007 428007 428007 428007 428007 428007 428007 428007 428007 428007 428007 428007 428007 428007
445161 293938 445161 445161 445161 324599 445161 579636 445161 445161 445161 445161 43773 669872 445161 42396 445161 445161 445161 445161 964606 746427 445161 445161 445161 445161 445161 476672 445161 208178 445161 833160 174395 445161 445161 445161 445161 423543 445161 445161 517411 445161 445161 445161 445161 445161 965712 445161 445161 445161
638816 638816 638816 638816 638816 324599 638816 579636 638816 638816 638816 638816 638816 669872 638816 42396 638816 638816 638816 638816 964606 746427 638816 638816 638816 638816 638816 638816 638816 208178 638816 638816 638816 638816 638816 638816 638816 423543 638816 638816 517411 638816 638816 638816 638816 638816 965712 638816 638816 638816
710431 710431 710431 710431 710431 324599 710431 579636 710431 710431 710431 710431 43773 669872 710431 42396 710431 710431 710431 710431 964606 746427 710431 710431 710431 710431 710431 710431 710431 208178 710431 710431 174395 710431 710431 710431 710431 423543 710431 710431 517411 710431 710431 710431 710431 710431 965712 710431 710431 710431
73182 293938 771039 771039 771039 324599 524370 579636 771039 771039 771039 148217 43773 669872 992507 42396 771039 771039 771039 45373 964606 746427 771039 771039 771039 771039 740005 476672 771039 208178 771039 833160 174395 152438 275633 665477 1789 423543 41833 771039 517411 68371 664917 306013 771039 771039 965712 31650 771039 771039
16635 293938 16635 16635 16635 324599 16635 579636 16635 16635 16635 148217 43773 669872 992507 42396 16635 16635 16635 16635 964606 746427 16635 16635 16635 16635 16635 476672 16635 208178 16635 833160 174395 152438 275633 665477 1789 423543 41833 16635 517411 68371 664917 306013 16635 16635 965712 16635 16635 16635
56289 293938 56289 56289 56289 324599 56289 579636 56289 56289 56289 148217 43773 669872 992507 42396 56289 56289 56289 56289 964606 746427 56289 56289 56289 56289 56289 476672 56289 208178 56289 833160 174395 152438 56289 665477 1789 423543 41833 56289 517411 68371 664917 306013 56289 56289 965712 56289 56289 56289
73182 293938 0 0 0 324599 524370 579636 0 0 0 148217 43773 669872 992507 42396 999976 0 0 45373 964606 746427 0 0 0 0 740005 476672 0 208178 0 833160 174395 152438 275633 665477 1789 423543 41833 0 517411 68371 664917 306013 0 0 965712 31650 0 93972
500306 293938 500306 500306 500306 324599 500306 579636 500306 500306 500306 148217 43773 669872 992507 42396 500306 500306 500306 500306 964606 746427 500306 500306 500306 500306 500306 476672 500306 208178 500306 833160 174395 152438 500306 665477 1789 423543 41833 500306 517411 68371 664917 306013 500306 500306 965712 500306 500306 500306
73182 293938 0 0 0 324599 524370 579636 0 0 0 148217 43773 669872 992507 42396 999976 0 0 45373 964606 746427 0 0 0 0 740005 476672 0 208178 0 833160 174395 152438 275633 665477 1789 423543 41833 0 517411 68371 664917 306013 0 0 965712 31650 0 93972
334530 293938 334530 334530 334530 324599 334530 579636 334530 334530 334530 334530 43773 669872 334530 42396 334530 334530 334530 334530 964606 746427 334530 334530 334530 334530 334530 476672 334530 208178 334530 833160 174395 334530 334530 334530 334530 423543 334530 334530 517411 334530 334530 334530 334530 334530 965712 334530 334530 334530
918325 293938 918325 918325 918325 324599 918325 579636 918325 918325 918325 148217 43773 669872 992507 42396 918325 918325 918325 918325 964606 746427 918325 918325 918325 918325 918325 476672 918325 208178 918325 833160 174395 152438 918325 918325 1789 423543 41833 918325 517411 68371 664917 306013 918325 918325 965712 918325 918325 918325
581898 293938 581898 581898 581898 324599 581898 579636 581898 581898 581898 148217 43773 669872 992507 42396 581898 581898 581898 581898 964606 746427 581898 581898 581898 581898 581898 476672 581898 208178 581898 833160 174395 152438 581898 665477 1789 423543 41833 581898 517411 68371 664917 306013 581898 581898 965712 581898 581898 581898
257851 257851 257851 257851 257851 324599 257851 579636 257851 257851 257851 257851 257851 257851 257851 42396 257851 257851 257851 257851 257851 746427 257851 257851 257851 257851 257851 257851 257851 257851 257851 257851 257851 257851 257851 257851 257851 257851 257851 257851 517411 257851 257851 257851 257851 257851 257851 257851 257851 257851
73182 293938 0 0 0 324599 524370 579636 0 0 0 148217 43773 669872 992507 42396 999976 0 0 45373 964606 746427 0 0 0 0 740005 476672 0 208178 0 833160 174395 152438 275633 665477 1789 423543 41833 0 517411 68371 664917 306013 0 0 965712 31650 0 93972
581507 581507 581507 581507 581507 324599 581507 579636 581507 581507 581507 581507 43773 669872 581507 42396 581507 581507 581507 581507 964606 746427 581507 581507 581507 581507 581507 476672 581507 208178 581507 581507 174395 581507 581507 581507 581507 423543 581507 581507 517411 581507 581507 581507 581507 581507 965712 581507 581507 581507
864785 293938 864785 864785 864785 324599 864785 579636 864785 864785 864785 864785 43773 669872 992507 42396 864785 864785 864785 864785 964606 746427 864785 864785 864785 864785 864785 476672 864785 208178 864785 833160 174395 864785 864785 864785 1789 423543 41833 864785 517411 68371 864785 864785 864785 864785 965712 864785 864785 864785
881806 881806 881806 881806 881806 324599 881806 579636 881806 881806 881806 881806 881806 669872 881806 42396 881806 881806 881806 881806 881806 746427 881806 881806 881806 881806 881806 881806 881806 881806 881806 881806 881806 881806 881806 881806 881806 423543 881806 881806 517411 881806 881806 881806 881806 881806 965712 881806 881806 881806
903605 293938 903605 903605 903605 324599 903605 579636 903605 903605 903605 903605 43773 669872 903605 42396 903605 903605 903605 903605 964606 746427 903605 903605 903605 903605 903605 476672 903605 208178 903605 833160 174395 903605 903605 903605 1789 423543 903605 903605 517411 903605 903605 903605 903605 903605 965712 903605 903605 903605
73182 293938 0 0 0 324599 524370 579636 0 0 0 148217 43773 669872 992507 42396 999976 0 0 45373 964606 746427 0 0 0 0 740005 476672 0 208178 0 833160 174395 152438 275633 665477 1789 423543 41833 0 517411 68371 664917 306013 0 0 965712 31650 0 93972
158721 158721 158721 158721 158721 324599 158721 579636 158721 158721 158721 158721 158721 158721 158721 42396 158721 158721 158721 158721 158721 746427 158721 158721 158721 158721 158721 158721 158721 158721 158721 158721 158721 158721 158721 158721 158721 423543 158721 158721 517411 158721 158721 158721 158721 158721 965712 158721 158721 158721
472400 472400 472400 472400 472400 324599 472400 579636 472400 472400 472400 472400 472400 472400 472400 42396 472400 472400 472400 472400 472400 746427 472400 472400 472400 472400 472400 472400 472400 472400 472400 472400 472400 472400 472400 472400 472400 423543 472400 472400 517411 472400 472400 472400 472400 472400 965712 472400 472400 472400
73182 293938 0 0 0 324599 524370 579636 0 0 0 148217 43773 669872 992507 42396 999976 0 0 45373 964606 746427 0 0 0 0 740005 476672 0 208178 0 833160 174395 152438 275633 665477 1789 423543 41833 0 517411 68371 664917 306013 0 0 965712 31650 0 93972
73182 293938 0 0 0 324599 524370 579636 0 0 0 148217 43773 669872 992507 42396 999976 0 0 45373 964606 746427 0 0 0 0 740005 476672 0 208178 0 833160 174395 152438 275633 665477 1789 423543 41833 0 517411 68371 664917 306013 0 0 965712 31650 0 93972
73182 293938 0 0 0 324599 524370 579636 0 0 0 148217 43773 669872 992507 42396 999976 0 0 45373 964606 746427 0 0 0 0 740005 476672 0 208178 0 833160 174395 152438 275633 665477 1789 423543 41833 0 517411 68371 664917 306013 0 0 965712 31650 0 93972
73182 293938 0 0 0 324599 524370 579636 0 0 0 148217 43773 669872 992507 42396 999976 0 0 45373 964606 746427 0 0 0 0 740005 476672 0 208178 0 833160 174395 152438 275633 665477 1789 423543 41833 0 517411 68371 664917 306013 0 0 965712 31650 0 93972
73182 293938 0 0 0 324599 524370 579636 0 0 0 148217 43773 669872 992507 42396 999976 0 0 45373 964606 746427 0 0 0 0 740005 476672 0 208178 0 833160 174395 152438 275633 665477 1789 423543 41833 0 517411 68371 664917 306013 0 0 965712 31650 0 93972
73182 293938 0 0 0 324599 524370 579636 0 0 0 148217 43773 669872 992507 42396 999976 0 0 45373 964606 746427 0 0 0 0 740005 476672 0 208178 0 833160 174395 152438 275633 665477 1789 423543 41833 0 517411 68371 664917 306013 0 0 965712 31650 0 93972
940085 940085 940085 940085 940085 940085 940085 940085 940085 940085 940085 940085 940085 940085 940085 42396 940085 940085 940085 940085 940085 746427 940085 940085 940085 940085 940085 940085 940085 940085 940085 940085 940085 940085 940085 940085 940085 940085 940085 940085 940085 940085 940085 940085 940085 940085 940085 940085 940085 940085
473830 473830 473830 473830 473830 324599 473830 579636 473830 473830 473830 473830 473830 669872 473830 42396 473830 473830 473830 473830 964606 746427 473830 473830 473830 473830 473830 473830 473830 208178 473830 473830 473830 473830 473830 473830 473830 423543 473830 473830 517411 473830 473830 473830 473830 473830 965712 473830 473830 473830
73182 293938 0 0 0 324599 524370 579636 0 0 0 148217 43773 669872 992507 42396 999976 0 0 45373 964606 746427 0 0 0 0 740005 476672 0 208178 0 833160 174395 152438 275633 665477 1789 423543 41833 0 517411 68371 664917 306013 0 0 965712 31650 0 93972
73182 293938 0 0 0 324599 524370 579636 0 0 0 148217 43773 669872 992507 42396 999976 0 0 45373 964606 746427 0 0 0 0 740005 476672 0 208178 0 833160 174395 152438 275633 665477 1789 423543 41833 0 517411 68371 664917 306013 0 0 965712 31650 0 93972
735267 735267 735267 735267 735267 735267 735267 735267 735267 735267 735267 735267 735267 735267 735267 42396 735267 735267 735267 735267 735267 735267 735267 735267 735267 735267 735267 735267 735267 735267 735267 735267 735267 735267 735267 735267 735267 735267 735267 735267 735267 735267 735267 735267 735267 735267 735267 735267 735267 735267
696219 293938 696219 696219 696219 324599 696219 579636 696219 696219 696219 696219 43773 669872 992507 42396 696219 696219 696219 696219 964606 746427 696219 696219 696219 696219 696219 476672 696219 208178 696219 833160 174395 696219 696219 696219 1789 423543 41833 696219 517411 68371 696219 696219 696219 696219 965712 696219 696219 696219
73182 293938 0 0 0 324599 524370 579636 0 0 0 148217 43773 669872 992507 42396 999976 0 0 45373 964606 746427 0 0 0 0 740005 476672 0 208178 0 833160 174395 152438 275633 665477 1789 423543 41833 0 517411 68371 664917 306013 0 0 965712 31650 0 93972
885849 885849 885849 885849 885849 324599 885849 579636 885849 885849 885849 885849 885849 885849 885849 42396 885849 885849 885849 885849 885849 746427 885849 885849 885849 885849 885849 885849 885849 885849 885849 885849 885849 885849 885849 885849 885849 423543 885849 885849 517411 885849 885849 885849 885849 885849 885849 885849 885849 885849
301825 301825 301825 301825 301825 301825 301825 301825 301825 301825 301825 301825 301825 301825 301825 42396 301825 301825 301825 301825 301825 746427 301825 301825 301825 301825 301825 301825 301825 301825 301825 301825 301825 301825 301825 301825 301825 301825 301825 301825 301825 301825 301825 301825 301825 301825 301825 301825 301825 301825
956 293938 956 956 956 324599 956 579636 956 956 956 956 43773 669872 956 42396 956 956 956 956 964606 746427 956 956 956 956 956 476672 956 208178 956 833160 174395 956 956 956 956 423543 956 956 517411 956 956 956 956 956 965712 956 956 956
495869 495869 495869 823936 495869 495869 495869 495869 495869 495869 495869 495869 495869 495869 495869 495869 495869 495869 495869 495869 495869 495869 495869 495869 495869 495869 495869 495869 495869 495869 495869 495869 495869 495869 495869 495869 495869 495869 495869 495869 495869 495869 495869 880195 495869 495869 495869 495869 495869 495869
344392 537934 808638 823936 705438 0 848429 0 245941 235935 0 377481 228579 963258 444147 295774 0 906912 748743 730731 291942 0 0 0 558426 742015 0 786628 255795 0 825827 298967 0 63672 0 333689 209655 0 678219 35906 288177 429735 0 880195 0 0 266121 0 582885 0
344392 537934 808638 823936 705438 221237 848429 221237 245941 235935 221237 377481 228579 963258 444147 295774 221237 906912 748743 730731 291942 221237 221237 221237 558426 742015 221237 786628 255795 221237 825827 298967 221237 63672 221237 333689 209655 221237 678219 35906 288177 429735 221237 880195 221237 221237 266121 221237 582885 221237
344392 537934 808638 823936 705438 0 848429 0 245941 235935 0 377481 228579 963258 444147 295774 0 906912 748743 730731 291942 0 0 0 558426 742015 0 786628 255795 0 825827 298967 0 63672 0 333689 209655 0 678219 35906 288177 429735 0 880195 0 0 266121 0 582885 0
344392 537934 808638 823936 705438 0 848429 0 245941 235935 0 377481 228579 963258 444147 295774 0 906912 748743 730731 291942 0 0 0 558426 742015 0 786628 255795 0 825827 298967 0 63672 0 333689 209655 0 678219 35906 288177 429735 0 880195 0 0 266121 0 582885 0
344392 537934 808638 823936 705438 0 848429 0 245941 235935 0 377481 228579 963258 444147 295774 0 906912 748743 730731 291942 0 0 0 558426 742015 0 786628 255795 0 825827 298967 0 63672 0 333689 209655 0 678219 35906 288177 429735 0 880195 0 0 266121 0 582885 0
20901 20901 808638 823936 705438 20901 848429 20901 245941 20901 20901 20901 228579 963258 20901 20901 20901 906912 748743 730731 291942 20901 20901 20901 558426 742015 20901 786628 255795 20901 825827 20901 20901 63672 20901 333689 209655 20901 20901 35906 288177 429735 20901 880195 20901 20901 266121 20901 20901 20901
369987 369987 369987 823936 705438 369987 848429 369987 245941 369987 369987 369987 228579 369987 369987 369987 369987 369987 369987 369987 291942 369987 369987 369987 558426 369987 369987 786628 255795 369987 825827 369987 369987 369987 369987 369987 209655 369987 369987 369987 369987 369987 369987 880195 369987 369987 369987 369987 369987 369987
344392 537934 808638 823936 705438 0 848429 0 245941 235935 0 377481 228579 963258 444147 295774 0 906912 748743 730731 291942 0 0 0 558426 742015 0 786628 255795 0 825827 298967 0 63672 0 333689 209655 0 678219 35906 288177 429735 0 880195 0 0 266121 0 582885 0
344392 537934 808638 823936 705438 0 848429 0 245941 235935 0 377481 228579 963258 444147 295774 0 906912 748743 730731 291942 0 0 0 558426 742015 0 786628 255795 0 825827 298967 0 63672 0 333689 209655 0 678219 35906 288177 429735 0 880195 0 0 266121 0 582885 0
438423 438423 808638 823936 705438 438423 848429 438423 245941 438423 438423 438423 228579 963258 438423 438423 438423 906912 748743 438423 291942 438423 438423 438423 558426 742015 438423 786628 255795 438423 825827 438423 438423 438423 438423 333689 209655 438423 438423 438423 438423 429735 438423 880195 438423 438423 266121 438423 438423 438423
344392 537934 808638 823936 705438 29964 848429 29964 245941 235935 29964 29964 228579 963258 29964 295774 29964 906912 748743 730731 291942 29964 29964 29964 558426 742015 29964 786628 255795 29964 825827 298967 29964 63672 29964 333689 209655 29964 678219 35906 288177 429735 29964 880195 29964 29964 266121 29964 582885 29964
344392 537934 808638 823936 705438 0 848429 0 245941 235935 0 377481 228579 963258 444147 295774 0 906912 748743 730731 291942 0 0 0 558426 742015 0 786628 255795 0 825827 298967 0 63672 0 333689 209655 0 678219 35906 288177 429735 0 880195 0 0 266121 0 582885 0
833352 833352 833352 823936 705438 833352 848429 833352 245941 833352 833352 833352 228579 833352 833352 833352 833352 906912 748743 833352 291942 833352 833352 833352 558426 833352 833352 786628 255795 833352 825827 833352 833352 833352 833352 833352 209655 833352 833352 833352 833352 429735 833352 880195 833352 833352 266121 833352 833352 833352
344392 537934 808638 823936 705438 0 848429 0 245941 235935 0 377481 228579 963258 444147 295774 0 906912 748743 730731 291942 0 0 0 558426 742015 0 786628 255795 0 825827 298967 0 63672 0 333689 209655 0 678219 35906 288177 429735 0 880195 0 0 266121 0 582885 0
344392 537934 808638 823936 705438 0 848429 0 245941 235935 0 377481 228579 963258 444147 295774 0 906912 748743 730731 291942 0 0 0 558426 742015 0 786628 255795 0 825827 298967 0 63672 0 333689 209655 0 678219 35906 288177 429735 0 880195 0 0 266121 0 582885 0
344392 537934 808638 823936 705438 355139 848429 355139 245941 235935 355139 377481 228579 963258 444147 295774 355139 906912 748743 730731 291942 355139 355139 355139 558426 742015 355139 786628 255795 355139 825827 298967 355139 63672 355139 333689 209655 355139 678219 35906 288177 429735 355139 880195 355139 355139 266121 355139 582885 355139
784889 784889 808638 823936 705438 784889 848429 784889 245941 784889 784889 784889 228579 963258 784889 784889 784889 906912 748743 730731 291942 784889 784889 784889 558426 742015 784889 786628 255795 784889 825827 784889 784889 63672 784889 333689 209655 784889 784889 35906 288177 429735 784889 880195 784889 784889 266121 784889 784889 784889
344392 537934 808638 823936 705438 815832 848429 815832 245941 235935 815832 815832 228579 963258 815832 295774 815832 906912 748743 730731 291942 815832 815832 815832 558426 742015 815832 786628 255795 815832 825827 298967 815832 63672 815832 333689 209655 815832 678219 35906 288177 429735 815832 880195 815832 815832 266121 815832 582885 815832
344392 181377 808638 823936 705438 181377 848429 181377 245941 181377 181377 181377 228579 963258 181377 181377 181377 906912 748743 730731 291942 181377 181377 181377 558426 742015 181377 786628 255795 181377 825827 298967 181377 63672 181377 333689 209655 181377 181377 35906 288177 429735 181377 880195 181377 181377 266121 181377 181377 181377
344392 537934 808638 823936 705438 0 848429 0 245941 235935 0 377481 228579 963258 444147 295774 0 906912 748743 730731 291942 0 0 0 558426 742015 0 786628 255795 0 825827 298967 0 63672 0 333689 209655 0 678219 35906 288177 429735 0 880195 0 0 266121 0 582885 0
344392 537934 808638 823936 705438 0 848429 0 245941 235935 0 377481 228579 963258 444147 295774 0 906912 748743 730731 291942 0 0 0 558426 742015 0 786628 255795 0 825827 298967 0 63672 0 333689 209655 0 678219 35906 288177 429735 0 880195 0 0 266121 0 582885 0
344392 537934 808638 823936 705438 0 848429 0 245941 235935 0 377481 228579 963258 444147 295774 0 906912 748743 730731 291942 0 0 0 558426 742015 0 786628 255795 0 825827 298967 0 63672 0 333689 209655 0 678219 35906 288177 429735 0 880195 0 0 266121 0 582885 0
16456 16456 808638 823936 705438 16456 848429 16456 245941 16456 16456 16456 228579 963258 16456 16456 16456 906912 748743 730731 291942 16456 16456 16456 558426 742015 16456 786628 255795 16456 825827 16456 16456 63672 16456 333689 209655 16456 16456 16456 288177 429735 16456 880195 16456 16456 266121 16456 16456 16456
579764 579764 579764 579764 579764 579764 579764 579764 579764 579764 579764 579764 579764 579764 579764 579764 579764 579764 579764 579764 579764 579764 579764 579764 579764 579764 579764 579764 579764 579764 579764 579764 579764 579764 579764 579764 579764 579764 579764 579764 579764 579764 579764 880195 579764 579764 579764 579764 579764 579764
344392 537934 808638 823936 705438 0 848429 0 245941 235935 0 377481 228579 963258 444147 295774 0 906912 748743 730731 291942 0 0 0 558426 742015 0 786628 255795 0 825827 298967 0 63672 0 333689 209655 0 678219 35906 288177 429735 0 880195 0 0 266121 0 582885 0
907378 907378 808638 823936 705438 907378 848429 907378 245941 907378 907378 907378 228579 963258 907378 907378 907378 906912 748743 907378 291942 907378 907378 907378 558426 742015 907378 786628 255795 907378 825827 907378 907378 907378 907378 333689 209655 907378 907378 907378 907378 429735 907378 880195 907378 907378 266121 907378 907378 907378
344392 537934 808638 823936 705438 914415 848429 914415 245941 235935 914415 914415 228579 963258 914415 295774 914415 906912 748743 730731 291942 914415 914415 914415 558426 742015 914415 786628 255795 914415 825827 298967 914415 63672 914415 333689 209655 914415 678219 35906 288177 429735 914415 880195 914415 914415 266121 914415 582885 914415
344392 537934 808638 823936 705438 0 848429 0 245941 235935 0 377481 228579 963258 444147 295774 0 906912 748743 730731 291942 0 0 0 558426 742015 0 786628 255795 0 825827 298967 0 63672 0 333689 209655 0 678219 35906 288177 429735 0 880195 0 0 266121 0 582885 0
344392 537934 808638 823936 705438 0 848429 0 245941 235935 0 377481 228579 963258 444147 295774 0 906912 748743 730731 291942 0 0 0 558426 742015 0 786628 255795 0 825827 298967 0 63672 0 333689 209655 0 678219 35906 288177 429735 0 880195 0 0 266121 0 582885 0
344392 537934 808638 823936 705438 0 848429 0 245941 235935 0 377481 228579 963258 444147 295774 0 906912 748743 730731 291942 0 0 0 558426 742015 0 786628 255795 0 825827 298967 0 63672 0 333689 209655 0 678219 35906 288177 429735 0 880195 0 0 266121 0 582885 0
344392 485377 808638 823936 705438 485377 848429 485377 245941 485377 485377 485377 228579 963258 485377 485377 485377 906912 748743 730731 291942 485377 485377 485377 558426 742015 485377 786628 255795 485377 825827 298967 485377 63672 485377 333689 209655 485377 678219 35906 288177 429735 485377 880195 485377 485377 266121 485377 582885 485377
344392 537934 808638 823936 705438 971428 848429 971428 245941 235935 971428 377481 228579 963258 444147 295774 971428 906912 748743 730731 291942 971428 971428 971428 558426 742015 971428 786628 255795 971428 825827 298967 971428 63672 971428 333689 209655 971428 678219 35906 288177 429735 971428 880195 971428 971428 266121 971428 582885 971428
486061 486061 486061 486061 486061 486061 486061 486061 486061 486061 486061 486061 486061 486061 486061 486061 486061 486061 486061 486061 486061 486061 486061 486061 486061 486061 486061 486061 486061 486061 486061 486061 486061 486061 486061 486061 486061 486061 486061 486061 486061 486061 486061 486061 486061 486061 486061 486061 486061 486061
344392 537934 808638 823936 705438 0 848429 0 245941 235935 0 377481 228579 963258 444147 295774 0 906912 748743 730731 291942 0 0 0 558426 742015 0 786628 255795 0 825827 298967 0 63672 0 333689 209655 0 678219 35906 288177 429735 0 880195 0 0 266121 0 582885 0
735971 735971 735971 735971 735971 735971 735971 735971 735971 735971 735971 735971 735971 735971 735971 735971 735971 735971 735971 735971 735971 735971 735971 735971 735971 735971 735971 735971 735971 735971 735971 735971 735971 735971 735971 735971 735971 735971 735971 735971 735971 735971 735971 880195 735971 735971 735971 735971 735971 735971
104871 104871 104871 823936 705438 104871 848429 104871 104871 104871 104871 104871 104871 104871 104871 104871 104871 104871 104871 104871 291942 104871 104871 104871 558426 104871 104871 786628 104871 104871 104871 104871 104871 104871 104871 104871 209655 104871 104871 104871 104871 104871 104871 880195 104871 104871 104871 104871 104871 104871
777982 777982 777982 823936 705438 777982 848429 777982 245941 777982 777982 777982 228579 777982 777982 777982 777982 777982 777982 777982 291942 777982 777982 777982 558426 777982 777982 786628 255795 777982 825827 777982 777982 777982 777982 777982 209655 777982 777982 777982 777982 777982 777982 880195 777982 777982 777982 777982 777982 777982
344392 313524 808638 823936 705438 313524 848429 313524 245941 313524 313524 313524 228579 963258 313524 313524 313524 906912 748743 730731 291942 313524 313524 313524 558426 742015 313524 786628 255795 313524 825827 298967 313524 63672 313524 333689 209655 313524 678219 35906 288177 429735 313524 880195 313524 313524 266121 313524 582885 313524
713120 713120 808638 823936 705438 713120 848429 713120 245941 713120 713120 713120 228579 963258 713120 713120 713120 906912 748743 730731 291942 713120 713120 713120 558426 742015 713120 786628 255795 713120 825827 713120 713120 713120 713120 333689 209655 713120 713120 713120 288177 429735 713120 880195 713120 713120 266121 713120 713120 713120
148407 148407 148407 148407 148407 148407 148407 148407 148407 148407 148407 148407 148407 148407 148407 148407 148407 148407 148407 148407 148407 148407 148407 148407 148407 148407 148407 148407 148407 148407 148407 148407 148407 148407 148407 148407 148407 148407 148407 148407 148407 148407 148407 880195 148407 148407 148407 148407 148407 148407
477012 477012 477012 823936 705438 477012 848429 477012 245941 477012 477012 477012 228579 477012 477012 477012 477012 477012 477012 477012 291942 477012 477012 477012 558426 477012 477012 786628 255795 477012 825827 477012 477012 477012 477012 477012 209655 477012 477012 477012 477012 477012 477012 880195 477012 477012 477012 477012 477012 477012
344392 537934 808638 823936 705438 19321 848429 19321 245941 235935 19321 377481 228579 963258 444147 295774 19321 906912 748743 730731 291942 19321 19321 19321 558426 742015 19321 786628 255795 19321 825827 298967 19321 63672 19321 333689 209655 19321 678219 35906 288177 429735 19321 880195 19321 19321 266121 19321 582885 19321
137965 137965 137965 823936 705438 137965 848429 137965 245941 137965 137965 137965 228579 137965 137965 137965 137965 137965 137965 137965 291942 137965 137965 137965 558426 137965 137965 786628 255795 137965 825827 137965 137965 137965 137965 137965 209655 137965 137965 137965 137965 137965 137965 880195 137965 137965 137965 137965 137965 137965
344392 537934 808638 823936 705438 0 848429 0 245941 235935 0 377481 228579 963258 444147 295774 0 906912 748743 730731 291942 0 0 0 558426 742015 0 786628 255795 0 825827 298967 0 63672 0 333689 209655 0 678219 35906 288177 429735 0 880195 0 0 266121 0 582885 0
344392 681015 808638 823936 705438 681015 848429 681015 245941 235935 681015 681015 228579 963258 681015 681015 681015 906912 748743 730731 291942 681015 681015 681015 558426 742015 681015 786628 255795 681015 825827 298967 681015 63672 681015 333689 209655 681015 678219 35906 288177 429735 681015 880195 681015 681015 266121 681015 582885 681015
344392 537934 808638 823936 705438 0 848429 0 245941 235935 0 377481 228579 963258 444147 295774 0 906912 748743 730731 291942 0 0 0 558426 742015 0 786628 255795 0 825827 298967 0 63672 0 333689 209655 0 678219 35906 288177 429735 0 880195 0 0 266121 0 582885 0
344392 537934 808638 823936 705438 0 848429 0 245941 235935 0 377481 228579 963258 444147 295774 0 906912 748743 730731 291942 0 0 0 558426 742015 0 786628 255795 0 825827 298967 0 63672 0 333689 209655 0 678219 35906 288177 429735 0 880195 0 0 266121 0 582885 0
972239 972239 972239 972239 972239 972239 972239 972239 972239 972239 972239 972239 972239 972239 972239 972239 972239 972239 972239 972239 972239 972239 972239 972239 972239 972239 972239 972239 972239 972239 972239 972239 972239 972239 972239 972239 972239 972239 972239 972239 972239 972239 972239 880195 972239 972239 972239 972239 972239 972239
344392 537934 808638 823936 705438 156357 848429 156357 245941 235935 156357 156357 228579 963258 156357 295774 156357 906912 748743 730731 291942 156357 156357 156357 558426 742015 156357 786628 255795 156357 825827 298967 156357 63672 156357 333689 209655 156357 678219 35906 288177 429735 156357 880195 156357 156357 266121 156357 582885 156357
205475 498184 379415 911768 968267 911768 911768 911768 309565 43602 574045 911768 350089 911768 314503 885226 812221 911768 910301 911768 911768 911768 737157 677466 385418 911768 911768 675159 911768 813926 911768 911768 703268 589518 756656 403768 558357 999009 365162 911768 911768 911768 126588 911768 911768 661892 572040 597346 135442 536014
397834 498184 379415 397834 397834 397834 397834 397834 397834 397834 397834 397834 397834 397834 397834 397834 397834 397834 397834 397834 397834 397834 737157 397834 397834 397834 397834 397834 397834 397834 397834 397834 703268 397834 397834 397834 397834 397834 397834 397834 397834 397834 397834 397834 397834 661892 397834 397834 397834 397834
205475 498184 379415 0 968267 0 0 0 309565 43602 574045 0 350089 0 314503 885226 812221 0 910301 0 0 0 737157 677466 385418 0 0 675159 0 813926 0 0 703268 589518 756656 403768 558357 999009 365162 0 0 0 126588 0 0 661892 572040 597346 135442 536014
890433 498184 379415 890433 890433 890433 890433 890433 890433 890433 890433 890433 890433 890433 890433 890433 812221 890433 890433 890433 890433 890433 737157 890433 890433 890433 890433 890433 890433 813926 890433 890433 703268 589518 890433 890433 558357 890433 365162 890433 890433 890433 890433 890433 890433 661892 890433 890433 135442 890433
236695 498184 379415 236695 236695 236695 236695 236695 236695 236695 236695 236695 350089 236695 236695 236695 812221 236695 236695 236695 236695 236695 737157 236695 236695 236695 236695 236695 236695 813926 236695 236695 703268 589518 236695 236695 558357 236695 365162 236695 236695 236695 236695 236695 236695 661892 572040 236695 135442 236695
471159 498184 379415 471159 471159 471159 471159 471159 471159 471159 471159 471159 471159 471159 471159 471159 471159 471159 471159 471159 471159 471159 737157 471159 471159 471159 471159 471159 471159 813926 471159 471159 703268 471159 471159 471159 471159 471159 365162 471159 471159 471159 471159 471159 471159 661892 471159 471159 135442 471159
363724 498184 379415 363724 363724 363724 363724 363724 363724 43602 574045 363724 350089 363724 363724 885226 812221 363724 910301 363724 363724 363724 737157 677466 385418 363724 363724 675159 363724 813926 363724 363724 703268 589518 363724 403768 558357 999009 365162 363724 363724 363724 126588 363724 363724 661892 572040 597346 135442 536014
614088 498184 379415 614088 614088 614088 614088 614088 614088 43602 614088 614088 350089 614088 614088 614088 812221 614088 614088 614088 614088 614088 737157 677466 385418 614088 614088 614088 614088 813926 614088 614088 703268 589518 614088 614088 558357 614088 365162 614088 614088 614088 126588 614088 614088 661892 572040 597346 135442 536014
778566 498184 379415 778566 778566 778566 778566 778566 778566 43602 778566 778566 350089 778566 778566 778566 812221 778566 778566 778566 778566 778566 737157 778566 385418 778566 778566 778566 778566 813926 778566 778566 703268 589518 778566 778566 558357 778566 365162 778566 778566 778566 126588 778566 778566 661892 572040 778566 135442 778566
205475 498184 379415 0 968267 0 0 0 309565 43602 574045 0 350089 0 314503 885226 812221 0 910301 0 0 0 737157 677466 385418 0 0 675159 0 813926 0 0 703268 589518 756656 403768 558357 999009 365162 0 0 0 126588 0 0 661892 572040 597346 135442 536014
205475 498184 379415 0 968267 0 0 0 309565 43602 574045 0 350089 0 314503 885226 812221 0 910301 0 0 0 737157 677466 385418 0 0 675159 0 813926 0 0 703268 589518 756656 403768 558357 999009 365162 0 0 0 126588 0 0 661892 572040 597346 135442 536014
368937 498184 379415 368937 368937 368937 368937 368937 368937 43602 368937 368937 350089 368937 368937 368937 812221 368937 368937 368937 368937 368937 737157 677466 385418 368937 368937 368937 368937 813926 368937 368937 703268 589518 368937 368937 558357 368937 365162 368937 368937 368937 126588 368937 368937 661892 572040 597346 135442 536014
205475 498184 379415 297238 297238 297238 297238 297238 309565 43602 574045 297238 350089 297238 314503 885226 812221 297238 910301 297238 297238 297238 737157 677466 385418 297238 297238 675159 297238 813926 297238 297238 703268 589518 297238 403768 558357 999009 365162 297238 297238 297238 126588 297238 297238 661892 572040 597346 135442 536014
205475 498184 379415 0 968267 0 0 0 309565 43602 574045 0 350089 0 314503 885226 812221 0 910301 0 0 0 737157 677466 385418 0 0 675159 0 813926 0 0 703268 589518 756656 403768 558357 999009 365162 0 0 0 126588 0 0 661892 572040 597346 135442 536014
205475 498184 379415 0 968267 0 0 0 309565 43602 574045 0 350089 0 314503 885226 812221 0 910301 0 0 0 737157 677466 385418 0 0 675159 0 813926 0 0 703268 589518 756656 403768 558357 999009 365162 0 0 0 126588 0 0 661892 572040 597346 135442 536014
597622 498184 379415 597622 597622 597622 597622 597622 597622 43602 597622 597622 350089 597622 597622 885226 812221 597622 910301 597622 597622 597622 737157 677466 385418 597622 597622 675159 597622 813926 597622 597622 703268 589518 597622 597622 558357 999009 365162 597622 597622 597622 126588 597622 597622 661892 572040 597346 135442 536014
448614 498184 379415 448614 448614 448614 448614 448614 448614 43602 448614 448614 350089 448614 448614 885226 812221 448614 910301 448614 448614 448614 737157 677466 385418 448614 448614 675159 448614 813926 448614 448614 703268 589518 448614 448614 558357 999009 365162 448614 448614 448614 126588 448614 448614 661892 572040 597346 135442 536014
205475 498184 379415 357173 968267 357173 357173 357173 309565 43602 574045 357173 350089 357173 314503 885226 812221 357173 910301 357173 357173 357173 737157 677466 385418 357173 357173 675159 357173 813926 357173 357173 703268 589518 357173 403768 558357 999009 365162 357173 357173 357173 126588 357173 357173 661892 572040 597346 135442 536014
205475 498184 379415 0 968267 0 0 0 309565 43602 574045 0 350089 0 314503 885226 812221 0 910301 0 0 0 737157 677466 385418 0 0 675159 0 813926 0 0 703268 589518 756656 403768 558357 999009 365162 0 0 0 126588 0 0 661892 572040 597346 135442 536014
849855 498184 379415 849855 849855 849855 849855 849855 849855 43602 849855 849855 350089 849855 849855 885226 812221 849855 910301 849855 849855 849855 737157 677466 385418 849855 849855 675159 849855 813926 849855 849855 703268 589518 849855 849855 558357 999009 365162 849855 849855 849855 126588 849855 849855 661892 572040 597346 135442 536014
205475 498184 379415 0 968267 0 0 0 309565 43602 574045 0 350089 0 314503 885226 812221 0 910301 0 0 0 737157 677466 385418 0 0 675159 0 813926 0 0 703268 589518 756656 403768 558357 999009 365162 0 0 0 126588 0 0 661892 572040 597346 135442 536014
252606 498184 379415 252606 252606 252606 252606 252606 252606 43602 252606 252606 350089 252606 252606 885226 812221 252606 910301 252606 252606 252606 737157 677466 385418 252606 252606 675159 252606 813926 252606 252606 703268 589518 252606 252606 558357 999009 365162 252606 252606 252606 126588 252606 252606 661892 572040 597346 135442 536014
952225 498184 379415 952225 952225 952225 952225 952225 952225 952225 952225 952225 952225 952225 952225 952225 952225 952225 952225 952225 952225 952225 952225 952225 952225 952225 952225 952225 952225 952225 952225 952225 703268 952225 952225 952225 952225 952225 952225 952225 952225 952225 952225 952225 952225 661892 952225 952225 952225 952225
205475 498184 379415 0 968267 0 0 0 309565 43602 574045 0 350089 0 314503 885226 812221 0 910301 0 0 0 737157 677466 385418 0 0 675159 0 813926 0 0 703268 589518 756656 403768 558357 999009 365162 0 0 0 126588 0 0 661892 572040 597346 135442 536014
205475 498184 379415 0 968267 0 0 0 309565 43602 574045 0 350089 0 314503 885226 812221 0 910301 0 0 0 737157 677466 385418 0 0 675159 0 813926 0 0 703268 589518 756656 403768 558357 999009 365162 0 0 0 126588 0 0 661892 572040 597346 135442 536014
727986 498184 379415 727986 727986 727986 727986 727986 727986 727986 727986 727986 727986 727986 727986 727986 727986 727986 727986 727986 727986 727986 727986 727986 727986 727986 727986 727986 727986 727986 727986 727986 703268 727986 727986 727986 727986 727986 727986 727986 727986 727986 727986 727986 727986 661892 727986 727986 727986 727986
205475 498184 379415 0 968267 0 0 0 309565 43602 574045 0 350089 0 314503 885226 812221 0 910301 0 0 0 737157 677466 385418 0 0 675159 0 813926 0 0 703268 589518 756656 403768 558357 999009 365162 0 0 0 126588 0 0 661892 572040 597346 135442 536014
302948 498184 379415 302948 302948 302948 302948 302948 302948 302948 302948 302948 350089 302948 302948 302948 812221 302948 302948 302948 302948 302948 737157 302948 302948 302948 302948 302948 302948 813926 302948 302948 703268 589518 302948 302948 558357 302948 365162 302948 302948 302948 302948 302948 302948 661892 572040 302948 135442 302948
205475 498184 379415 0 968267 0 0 0 309565 43602 574045 0 350089 0 314503 885226 812221 0 910301 0 0 0 737157 677466 385418 0 0 675159 0 813926 0 0 703268 589518 756656 403768 558357 999009 365162 0 0 0 126588 0 0 661892 572040 597346 135442 536014
205475 498184 379415 0 968267 0 0 0 309565 43602 574045 0 350089 0 314503 885226 812221 0 910301 0 0 0 737157 677466 385418 0 0 675159 0 813926 0 0 703268 589518 756656 403768 558357 999009 365162 0 0 0 126588 0 0 661892 572040 597346 135442 536014
17269 498184 379415 17269 17269 17269 17269 17269 17269 17269 17269 17269 17269 17269 17269 17269 17269 17269 17269 17269 17269 17269 737157 17269 17269 17269 17269 17269 17269 17269 17269 17269 703268 17269 17269 17269 17269 17269 17269 17269 17269 17269 17269 17269 17269 661892 17269 17269 17269 17269
939395 498184 379415 939395 939395 939395 939395 939395 939395 43602 939395 939395 350089 939395 939395 885226 812221 939395 910301 939395 939395 939395 737157 677466 385418 939395 939395 675159 939395 813926 939395 939395 703268 589518 939395 403768 558357 999009 365162 939395 939395 939395 126588 939395 939395 661892 572040 597346 135442 536014
205475 498184 379415 0 968267 0 0 0 309565 43602 574045 0 350089 0 314503 885226 812221 0 910301 0 0 0 737157 677466 385418 0 0 675159 0 813926 0 0 703268 589518 756656 403768 558357 999009 365162 0 0 0 126588 0 0 661892 572040 597346 135442 536014
789789 498184 379415 789789 789789 789789 789789 789789 789789 43602 789789 789789 350089 789789 789789 885226 812221 789789 910301 789789 789789 789789 737157 677466 385418 789789 789789 675159 789789 813926 789789 789789 703268 589518 789789 789789 558357 999009 365162 789789 789789 789789 126588 789789 789789 661892 572040 597346 135442 536014
415433 498184 379415 415433 415433 415433 415433 415433 415433 415433 415433 415433 415433 415433 415433 415433 812221 415433 415433 415433 415433 415433 737157 415433 415433 415433 415433 415433 415433 813926 415433 415433 703268 589518 415433 415433 558357 415433 365162 415433 415433 415433 415433 415433 415433 661892 415433 415433 135442 415433
205475 498184 379415 0 968267 0 0 0 309565 43602 574045 0 350089 0 314503 885226 812221 0 910301 0 0 0 737157 677466 385418 0 0 675159 0 813926 0 0 703268 589518 756656 403768 558357 999009 365162 0 0 0 126588 0 0 661892 572040 597346 135442 536014
924071 498184 379415 924071 924071 924071 924071 924071 924071 924071 924071 924071 924071 924071 924071 924071 812221 924071 924071 924071 924071 924071 737157 924071 924071 924071 924071 924071 924071 813926 924071 924071 703268 924071 924071 924071 924071 924071 365162 924071 924071 924071 924071 924071 924071 661892 924071 924071 135442 924071
205475 498184 379415 0 968267 0 0 0 309565 43602 574045 0 350089 0 314503 885226 812221 0 910301 0 0 0 737157 677466 385418 0 0 675159 0 813926 0 0 703268 589518 756656 403768 558357 999009 365162 0 0 0 126588 0 0 661892 572040 597346 135442 536014
621921 498184 379415 621921 621921 621921 621921 621921 621921 43602 621921 621921 350089 621921 621921 885226 812221 621921 910301 621921 621921 621921 737157 677466 385418 621921 621921 675159 621921 813926 621921 621921 703268 589518 621921 403768 558357 999009 365162 621921 621921 621921 126588 621921 621921 661892 572040 597346 135442 536014
205475 498184 379415 0 968267 0 0 0 309565 43602 574045 0 350089 0 314503 885226 812221 0 910301 0 0 0 737157 677466 385418 0 0 675159 0 813926 0 0 703268 589518 756656 403768 558357 999009 365162 0 0 0 126588 0 0 661892 572040 597346 135442 536014
205475 498184 379415 0 968267 0 0 0 309565 43602 574045 0 350089 0 314503 885226 812221 0 910301 0 0 0 737157 677466 385418 0 0 675159 0 813926 0 0 703268 589518 756656 403768 558357 999009 365162 0 0 0 126588 0 0 661892 572040 597346 135442 536014
205475 498184 379415 0 968267 0 0 0 309565 43602 574045 0 350089 0 314503 885226 812221 0 910301 0 0 0 737157 677466 385418 0 0 675159 0 813926 0 0 703268 589518 756656 403768 558357 999009 365162 0 0 0 126588 0 0 661892 572040 597346 135442 536014
205475 498184 379415 0 968267 0 0 0 309565 43602 574045 0 350089 0 314503 885226 812221 0 910301 0 0 0 737157 677466 385418 0 0 675159 0 813926 0 0 703268 589518 756656 403768 558357 999009 365162 0 0 0 126588 0 0 661892 572040 597346 135442 536014
254748 254748 379415 254748 254748 254748 254748 254748 254748 254748 254748 254748 254748 254748 254748 254748 254748 254748 254748 254748 254748 254748 254748 254748 254748 254748 254748 254748 254748 254748 254748 254748 703268 254748 254748 254748 254748 254748 254748 254748 254748 254748 254748 254748 254748 254748 254748 254748 254748 254748
205475 498184 379415 0 968267 0 0 0 309565 43602 574045 0 350089 0 314503 885226 812221 0 910301 0 0 0 737157 677466 385418 0 0 675159 0 813926 0 0 703268 589518 756656 403768 558357 999009 365162 0 0 0 126588 0 0 661892 572040 597346 135442 536014
794786 498184 379415 794786 794786 794786 794786 794786 794786 43602 574045 794786 350089 794786 314503 885226 812221 794786 910301 794786 794786 794786 737157 677466 385418 794786 794786 675159 794786 813926 794786 794786 703268 589518 794786 403768 558357 999009 365162 794786 794786 794786 126588 794786 794786 661892 572040 597346 135442 536014
205475 498184 379415 0 968267 0 0 0 309565 43602 574045 0 350089 0 314503 885226 812221 0 910301 0 0 0 737157 677466 385418 0 0 675159 0 813926 0 0 703268 589518 756656 403768 558357 999009 365162 0 0 0 126588 0 0 661892 572040 597346 135442 536014
205475 498184 379415 0 968267 0 0 0 309565 43602 574045 0 350089 0 314503 885226 812221 0 910301 0 0 0 737157 677466 385418 0 0 675159 0 813926 0 0 703268 589518 756656 403768 558357 999009 365162 0 0 0 126588 0 0 661892 572040 597346 135442 536014
433590 498184 379415 433590 433590 433590 433590 433590 433590 43602 433590 433590 350089 433590 433590 885226 812221 433590 910301 433590 433590 433590 737157 677466 385418 433590 433590 675159 433590 813926 433590 433590 703268 589518 433590 433590 558357 999009 365162 433590 433590 433590 126588 433590 433590 661892 572040 597346 135442 536014
69476 498184 379415 69476 69476 69476 69476 69476 69476 43602 69476 69476 350089 69476 69476 885226 812221 69476 910301 69476 69476 69476 737157 677466 385418 69476 69476 675159 69476 813926 69476 69476 703268 589518 69476 403768 558357 999009 365162 69476 69476 69476 126588 69476 69476 661892 572040 597346 135442 536014
230835 899383 230835 230835 230835 230835 230835 230835 230835 230835 550635 994537 230835 514339 230835 230835 230835 230835 230835 230835 230835 230835 230835 458597 230835 416287 230835 230835 230835 592311 230835 230835 230835 230835 230835 60012 230835 230835 230835 230835 230835 970517 230835 761308 230835 230835 230835 230835 230835 230835
428371 899383 90053 428371 472611 428371 428371 228521 428371 428371 550635 994537 428371 514339 674630 428371 428371 428371 243617 130617 428371 428371 428371 458597 428371 416287 428371 20051 428371 592311 428371 430677 27385 428371 59234 60012 243711 428371 428371 428371 640533 970517 428371 761308 428371 428371 428371 576060 428371 428371
47046 899383 47046 47046 47046 47046 47046 47046 47046 47046 550635 994537 47046 514339 47046 47046 47046 47046 243617 47046 47046 47046 47046 458597 47046 416287 47046 47046 47046 592311 47046 47046 27385 47046 59234 60012 47046 47046 47046 47046 640533 970517 47046 761308 47046 47046 47046 47046 47046 47046
934895 899383 934895 934895 472611 934895 934895 934895 934895 934895 550635 994537 934895 514339 674630 934895 934895 934895 243617 130617 934895 934895 934895 458597 934895 416287 934895 934895 934895 592311 934895 934895 27385 934895 59234 60012 243711 934895 934895 934895 640533 970517 934895 761308 934895 934895 934895 576060 934895 934895
0 899383 90053 0 472611 0 0 228521 0 0 550635 994537 0 514339 674630 0 0 0 243617 130617 0 0 0 458597 0 416287 201613 20051 0 592311 0 430677 27385 0 59234 60012 243711 0 371525 0 640533 970517 852225 761308 0 0 0 576060 0 0
0 899383 90053 0 472611 0 0 228521 0 0 550635 994537 0 514339 674630 0 0 0 243617 130617 0 0 0 458597 0 416287 201613 20051 0 592311 0 430677 27385 0 59234 60012 243711 0 371525 0 640533 970517 852225 761308 0 0 0 576060 0 0
0 899383 90053 0 472611 0 0 228521 0 0 550635 994537 0 514339 674630 0 0 0 243617 130617 0 0 0 458597 0 416287 201613 20051 0 592311 0 430677 27385 0 59234 60012 243711 0 371525 0 640533 970517 852225 761308 0 0 0 576060 0 0
0 899383 90053 0 472611 0 0 228521 0 0 550635 994537 0 514339 674630 0 0 0 243617 130617 0 0 0 458597 0 416287 201613 20051 0 592311 0 430677 27385 0 59234 60012 243711 0 371525 0 640533 970517 852225 761308 0 0 0 576060 0 0
832651 899383 90053 832651 472611 832651 832651 228521 832651 832651 550635 994537 832651 514339 674630 832651 832651 832651 243617 130617 832651 832651 832651 458597 832651 416287 832651 20051 832651 592311 832651 430677 27385 832651 59234 60012 243711 832651 832651 832651 640533 970517 832651 761308 832651 832651 832651 576060 832651 832651
908254 899383 90053 908254 472611 908254 908254 228521 908254 908254 550635 994537 908254 514339 674630 908254 908254 908254 243617 130617 908254 908254 908254 458597 908254 416287 908254 20051 908254 592311 908254 430677 27385 908254 59234 60012 243711 908254 908254 908254 640533 970517 908254 761308 908254 908254 908254 576060 908254 908254
407503 899383 407503 407503 472611 407503 407503 407503 407503 407503 550635 994537 407503 514339 674630 407503 407503 407503 243617 130617 407503 407503 407503 458597 407503 416287 407503 407503 407503 592311 407503 407503 27385 407503 59234 60012 243711 407503 407503 407503 640533 970517 407503 761308 407503 407503 407503 576060 407503 407503
711445 899383 711445 711445 711445 711445 711445 711445 711445 711445 550635 994537 711445 514339 711445 711445 711445 711445 711445 711445 711445 711445 711445 458597 711445 416287 711445 711445 711445 592311 711445 711445 711445 711445 711445 60012 711445 711445 711445 711445 711445 970517 711445 761308 711445 711445 711445 711445 711445 711445
0 899383 90053 0 472611 0 0 228521 0 0 550635 994537 0 514339 674630 0 0 0 243617 130617 0 0 0 458597 0 416287 201613 20051 0 592311 0 430677 27385 0 59234 60012 243711 0 371525 0 640533 970517 852225 761308 0 0 0 576060 0 0
804116 899383 804116 804116 472611 804116 804116 804116 804116 804116 550635 994537 804116 514339 674630 804116 804116 804116 243617 130617 804116 804116 804116 458597 804116 416287 804116 804116 804116 592311 804116 804116 27385 804116 59234 60012 243711 804116 804116 804116 640533 970517 804116 761308 804116 804116 804116 804116 804116 804116
75310 75310 75310 75310 75310 75310 75310 75310 75310 75310 75310 994537 75310 75310 75310 75310 75310 75310 75310 75310 75310 75310 75310 458597 75310 75310 75310 75310 75310 75310 75310 75310 75310 75310 75310 75310 75310 75310 75310 75310 75310 970517 75310 75310 75310 75310 75310 75310 75310 75310
143792 899383 143792 143792 472611 143792 143792 143792 143792 143792 550635 994537 143792 514339 674630 143792 143792 143792 243617 130617 143792 143792 143792 458597 143792 416287 143792 143792 143792 592311 143792 143792 27385 143792 59234 60012 243711 143792 143792 143792 640533 970517 143792 761308 143792 143792 143792 143792 143792 143792
0 899383 90053 0 472611 0 0 228521 0 0 550635 994537 0 514339 674630 0 0 0 243617 130617 0 0 0 458597 0 416287 201613 20051 0 592311 0 430677 27385 0 59234 60012 243711 0 371525 0 640533 970517 852225 761308 0 0 0 576060 0 0
100784 899383 100784 100784 100784 100784 100784 100784 100784 100784 550635 994537 100784 514339 100784 100784 100784 100784 100784 100784 100784 100784 100784 458597 100784 416287 100784 100784 100784 592311 100784 100784 100784 100784 100784 60012 100784 100784 100784 100784 100784 970517 100784 761308 100784 100784 100784 100784 100784 100784
942539 899383 942539 942539 942539 942539 942539 942539 942539 942539 550635 994537 942539 514339 942539 942539 942539 942539 243617 942539 942539 942539 942539 458597 942539 416287 942539 942539 942539 592311 942539 942539 942539 942539 942539 60012 942539 942539 942539 942539 640533 970517 942539 761308 942539 942539 942539 942539 942539 942539
360190 899383 360190 360190 472611 360190 360190 360190 360190 360190 550635 994537 360190 514339 674630 360190 360190 360190 243617 130617 360190 360190 360190 458597 360190 416287 360190 20051 360190 592311 360190 430677 27385 360190 59234 60012 243711 360190 360190 360190 640533 970517 360190 761308 360190 360190 360190 576060 360190 360190
126939 899383 126939 126939 472611 126939 126939 126939 126939 126939 550635 994537 126939 514339 674630 126939 126939 126939 243617 130617 126939 126939 126939 458597 126939 416287 126939 20051 126939 592311 126939 430677 27385 126939 59234 60012 243711 126939 126939 126939 640533 970517 126939 761308 126939 126939 126939 576060 126939 126939
160988 899383 160988 160988 472611 160988 160988 160988 160988 160988 550635 994537 160988 514339 674630 160988 160988 160988 243617 130617 160988 160988 160988 458597 160988 416287 160988 160988 160988 592311 160988 160988 27385 160988 59234 60012 243711 160988 160988 160988 640533 970517 160988 761308 160988 160988 160988 576060 160988 160988
338243 899383 90053 338243 472611 338243 338243 228521 338243 338243 550635 994537 338243 514339 674630 338243 338243 338243 243617 130617 338243 338243 338243 458597 338243 416287 201613 20051 338243 592311 338243 430677 27385 338243 59234 60012 243711 338243 338243 338243 640533 970517 852225 761308 338243 338243 338243 576060 338243 338243
936629 899383 936629 936629 472611 936629 936629 936629 936629 936629 550635 994537 936629 514339 674630 936629 936629 936629 243617 130617 936629 936629 936629 458597 936629 416287 936629 936629 936629 592311 936629 936629 27385 936629 59234 60012 243711 936629 936629 936629 640533 970517 936629 761308 936629 936629 936629 576060 936629 936629
0 899383 90053 0 472611 0 0 228521 0 0 550635 994537 0 514339 674630 0 0 0 243617 130617 0 0 0 458597 0 416287 201613 20051 0 592311 0 430677 27385 0 59234 60012 243711 0 371525 0 640533 970517 852225 761308 0 0 0 576060 0 0
571595 899383 571595 571595 472611 571595 571595 571595 571595 571595 550635 994537 571595 514339 571595 571595 571595 571595 243617 571595 571595 571595 571595 458597 571595 416287 571595 571595 571595 592311 571595 571595 27385 571595 59234 60012 571595 571595 571595 571595 640533 970517 571595 761308 571595 571595 571595 571595 571595 571595
94383 899383 94383 94383 94383 94383 94383 94383 94383 94383 550635 994537 94383 514339 94383 94383 94383 94383 243617 94383 94383 94383 94383 458597 94383 416287 94383 94383 94383 592311 94383 94383 27385 94383 59234 60012 94383 94383 94383 94383 640533 970517 94383 761308 94383 94383 94383 94383 94383 94383
710151 899383 710151 710151 710151 710151 710151 710151 710151 710151 710151 994537 710151 710151 710151 710151 710151 710151 710151 710151 710151 710151 710151 458597 710151 710151 710151 710151 710151 710151 710151 710151 710151 710151 710151 60012 710151 710151 710151 710151 710151 970517 710151 710151 710151 710151 710151 710151 710151 710151
116275 899383 116275 116275 116275 116275 116275 116275 116275 116275 550635 994537 116275 514339 116275 116275 116275 116275 116275 116275 116275 116275 116275 458597 116275 416287 116275 116275 116275 116275 116275 116275 116275 116275 116275 60012 116275 116275 116275 116275 116275 970517 116275 761308 116275 116275 116275 116275 116275 116275
347979 899383 347979 347979 472611 347979 347979 347979 347979 347979 550635 994537 347979 514339 674630 347979 347979 347979 243617 130617 347979 347979 347979 458597 347979 416287 347979 347979 347979 592311 347979 347979 27385 347979 59234 60012 243711 347979 347979 347979 640533 970517 347979 761308 347979 347979 347979 347979 347979 347979
531547 899383 531547 531547 531547 531547 531547 531547 531547 531547 550635 994537 531547 514339 531547 531547 531547 531547 243617 531547 531547 531547 531547 458597 531547 416287 531547 531547 531547 592311 531547 531547 27385 531547 59234 60012 531547 531547 531547 531547 640533 970517 531547 761308 531547 531547 531547 531547 531547 531547
95611 899383 95611 95611 472611 95611 95611 95611 95611 95611 550635 994537 95611 514339 674630 95611 95611 95611 243617 130617 95611 95611 95611 458597 95611 416287 95611 95611 95611 592311 95611 95611 27385 95611 59234 60012 243711 95611 95611 95611 640533 970517 95611 761308 95611 95611 95611 576060 95611 95611
777162 899383 777162 777162 777162 777162 777162 777162 777162 777162 550635 994537 777162 514339 777162 777162 777162 777162 777162 777162 777162 777162 777162 458597 777162 416287 777162 777162 777162 592311 777162 777162 777162 777162 777162 60012 777162 777162 777162 777162 777162 970517 777162 761308 777162 777162 777162 777162 777162 777162
26439 899383 90053 26439 472611 26439 26439 228521 26439 26439 550635 994537 26439 514339 674630 26439 26439 26439 243617 130617 26439 26439 26439 458597 26439 416287 201613 20051 26439 592311 26439 430677 27385 26439 59234 60012 243711 26439 371525 26439 640533 970517 852225 761308 26439 26439 26439 576060 26439 26439
840181 899383 90053 840181 472611 840181 840181 228521 840181 840181 550635 994537 840181 514339 674630 840181 840181 840181 243617 130617 840181 840181 840181 458597 840181 416287 201613 20051 840181 592311 840181 430677 27385 840181 59234 60012 243711 840181 840181 840181 640533 970517 852225 761308 840181 840181 840181 576060 840181 840181
746497 899383 90053 746497 472611 746497 746497 228521 746497 746497 550635 994537 746497 514339 674630 746497 746497 746497 243617 130617 746497 746497 746497 458597 746497 416287 746497 20051 746497 592311 746497 430677 27385 746497 59234 60012 243711 746497 746497 746497 640533 970517 746497 761308 746497 746497 746497 576060 746497 746497
443635 899383 443635 443635 443635 443635 443635 443635 443635 443635 550635 994537 443635 514339 443635 443635 443635 443635 243617 443635 443635 443635 443635 458597 443635 416287 443635 443635 443635 592311 443635 443635 443635 443635 443635 60012 443635 443635 443635 443635 640533 970517 443635 761308 443635 443635 443635 443635 443635 443635
35100 899383 35100 35100 472611 35100 35100 35100 35100 35100 550635 994537 35100 514339 674630 35100 35100 35100 243617 130617 35100 35100 35100 458597 35100 416287 35100 35100 35100 592311 35100 35100 27385 35100 59234 60012 243711 35100 35100 35100 640533 970517 35100 761308 35100 35100 35100 576060 35100 35100
49803 899383 49803 49803 49803 49803 49803 49803 49803 49803 550635 994537 49803 514339 49803 49803 49803 49803 49803 49803 49803 49803 49803 458597 49803 416287 49803 49803 49803 592311 49803 49803 49803 49803 49803 60012 49803 49803 49803 49803 49803 970517 49803 761308 49803 49803 49803 49803 49803 49803
804929 899383 804929 804929 472611 804929 804929 804929 804929 804929 550635 994537 804929 514339 674630 804929 804929 804929 243617 130617 804929 804929 804929 458597 804929 416287 804929 20051 804929 592311 804929 430677 27385 804929 59234 60012 243711 804929 804929 804929 640533 970517 804929 761308 804929 804929 804929 576060 804929 804929
599611 899383 90053 599611 472611 599611 599611 228521 599611 599611 550635 994537 599611 514339 674630 599611 599611 599611 243617 130617 599611 599611 599611 458597 599611 416287 599611 20051 599611 592311 599611 430677 27385 599611 59234 60012 243711 599611 599611 599611 640533 970517 599611 761308 599611 599611 599611 576060 599611 599611
617473 899383 617473 617473 617473 617473 617473 617473 617473 617473 550635 994537 617473 514339 617473 617473 617473 617473 617473 617473 617473 617473 617473 458597 617473 416287 617473 617473 617473 592311 617473 617473 617473 617473 617473 60012 617473 617473 617473 617473 617473 970517 617473 761308 617473 617473 617473 617473 617473 617473
495089 899383 495089 495089 495089 495089 495089 495089 495089 495089 550635 994537 495089 514339 495089 495089 495089 495089 243617 495089 495089 495089 495089 458597 495089 416287 495089 495089 495089 592311 495089 495089 495089 495089 495089 60012 495089 495089 495089 495089 495089 970517 495089 761308 495089 495089 495089 495089 495089 495089
786619 899383 90053 786619 472611 786619 786619 228521 786619 786619 550635 994537 786619 514339 674630 786619 786619 786619 243617 130617 786619 786619 786619 458597 786619 416287 201613 20051 786619 592311 786619 430677 27385 786619 59234 60012 243711 786619 786619 786619 640533 970517 852225 761308 786619 786619 786619 576060 786619 786619
693340 899383 693340 693340 693340 693340 693340 693340 693340 693340 550635 994537 693340 514339 693340 693340 693340 693340 243617 693340 693340 693340 693340 458597 693340 416287 693340 693340 693340 592311 693340 693340 693340 693340 693340 60012 693340 693340 693340 693340 693340 970517 693340 761308 693340 693340 693340 693340 693340 693340
0 899383 90053 0 472611 0 0 228521 0 0 550635 994537 0 514339 674630 0 0 0 243617 130617 0 0 0 458597 0 416287 201613 20051 0 592311 0 430677 27385 0 59234 60012 243711 0 371525 0 640533 970517 852225 761308 0 0 0 576060 0 0
0 899383 90053 0 472611 0 0 228521 0 0 550635 994537 0 514339 674630 0 0 0 243617 130617 0 0 0 458597 0 416287 201613 20051 0 592311 0 430677 27385 0 59234 60012 243711 0 371525 0 640533 970517 852225 761308 0 0 0 576060 0 0
514000 899383 514000 514000 514000 514000 514000 514000 514000 514000 550635 994537 514000 514339 514000 514000 514000 514000 514000 514000 514000 514000 514000 458597 514000 416287 514000 514000 514000 592311 514000 514000 514000 514000 514000 60012 514000 514000 514000 514000 514000 970517 514000 761308 514000 514000 514000 514000 514000 514000
0 899383 90053 0 472611 0 0 228521 0 0 550635 994537 0 514339 674630 0 0 0 243617 130617 0 0 0 458597 0 416287 201613 20051 0 592311 0 430677 27385 0 59234 60012 243711 0 371525 0 640533 970517 852225 761308 0 0 0 576060 0 0
0 899383 90053 0 472611 0 0 228521 0 0 550635 994537 0 514339 674630 0 0 0 243617 130617 0 0 0 458597 0 416287 201613 20051 0 592311 0 430677 27385 0 59234 60012 243711 0 371525 0 640533 970517 852225 761308 0 0 0 576060 0 0
