999984
999967
999908
999964
999917
999951
999912
999945
999929
999915
999978
999994
999927
999939
999987
999939
999973
999960
999931
999917
999942
999982
999918
999935
999964
999980
999971
999920
999997
999996
999994
999917
999983
999981
999999
999911
999900
999966
999957
999903
999976
999951
999931
999957
999949
999923
999916
999913
999977
999916
999990
999941
999930
999952
999973
999947
999979
999949
999991
999941
999930
999967
999970
999954
999991
999956
999908
999921
999923
999999
999958
999969
999908
999911
999908
999983
999946
999944
999999
999925
999964
999957
999957
999906
999983
999928
999971
999968
999977
999967
999972
999996
999907
999923
999946
999959
999966
999995
999946
999924
999928
999928
999994
999990
999978
999980
999916
999917
999931
999939
999972
999931
999947
999931
999962
999989
999922
999988
999932
999998
999927
999965
999933
999960
999949
999983
999960
999964
999957
999918
999920
999941
999914
999977
999990
999955
999928
999983
999961
999996
999945
999938
999927
999952
999921
999989
999915
999974
999949
999900
999937
999957
999985
999958
999975
999942
999969
999991
999984
999957
999990
999974
999909
999953
999903
999986
999931
999961
999972
999917
999984
999966
999997
999906
999943
999905
999950
999984
999959
999925
999904
999916
999961
999976
999942
999935
999914
999916
999923
999942
999911
999959
999969
999992
999908
999983
999951
999912
999990
999910
999944
999989
999923
999947
999974
999988
999935
999958
999969
999969
999901
999963
999949
999987
999917
999994
999937
999978
999986
999940
999935
999997
999928
999994
999928
999959
999935
999900
999908
999918
999910
999972
999963
999996
1000000
999941
999912
999949
999981
999966
999934
999989
999987
999972
999917
999970
999900
999961
999940
1000000
999903
1000000
999967
999944
999905
999969
999915
999944
999929
999935
999979
999961
999904
999961
999944
999996
999961
999922
999914
999929
999935
999953
999925
999949
999911
999926
999950
999972
999986
999925
999927
999932
999905
999912
999911
999956
999947
999951
999977
999936
999934
999969
999973
999924
999958
999932
999960
999906
999908
999968
999949
999911
999925
999936
999983
999999
999959
999978
999933
999985
999976
999938
999980
999921
999918
999979
999993
999993
999983
999984
999960
999943
999963
999908
999979
999972
999968
999977
999926
999983
1000000
999941
999931
999924
999988
999951
999933
999965
999984
999966
999906
999942
999996
999950
999932
999921
999915
999948
999942
999907
999907
999940
999981
999988
999959
999985
999950
999912
999933
999985
999990
999948
999910
999909
999948
999975
999998
999903
999988
999973
999946
999973
999970
999900
999972
999976
999916
999916
999985
999982
999926
999971
999939
999926
999944
999975
999945
999981
999980
999928
999956
999969
999906
999932
999905
999979
999926
999904
999976
999989
999992
999910
999922
999940
999998
999985
999974
999910
999958
999960
999975
999966
999971
1000000
999994
999987
999935
999958
999962
999900
999932
999985
999943
999961
999962
999955
999902
999938
999937
999903
999942
999987
999925
999979
999972
999937
999993
999928
999953
999991
999992
999971
999926
999943
999965
999937
999950
999900
999921
999950
999974
999951
999911
999924
999999
999947
999915
999976
999944
999996
999957
999979
999932
999942
999935
999906
999958
999963
999969
999950
999948
999936
999910
999921
999950
999973
999928
999994
999940
1000000
999988
999922
999910
999994
999947
999911
999925
999905
999913
999988
999998
999980
999959
999977
999970
999947
999940
999966
999909
999915
999970
999906
999904
999928
999955
999902
999912
999936
999981
999914
999934
999992
999909
999972
999934
999938
999920
999960
999991
999990
999990
999935
999965
999962
999974
999997
999956
999982
999945
999928
999950
999920
999949
999904
999946
999977
999993
999921
999983
999995
999920
999989
999959
999946
999917
999902
999917
999990
999917
999963
999909
999930
999978
999945
999947
1000000
999955
999969
999983
999993
999919
999932
999988
999943
999908
999904
999921
999924
999944
999995
999951
999955
999973
999950
999981
999999
999908
999908
999915
999909
999917
999944
999927
999954
999940
999951
999950
999948
999985
999991
999933
999940
999986
999954
999956
999980
999921
999949
999912
999922
999910
999967
999973
999935
999934
999945
999983
999921
999906
999906
999925
999958
999979
999925
999903
999924
999960
999965
999948
999990
999948
999936
999929
999993
999905
999914
999981
999916
999907
999915
999969
999920
999990
999958
999965
999949
999982
999909
999996
999951
999975
999975
999972
999992
999995
999915
999981
999986
999935
999959
999912
999925
999965
999911
999940
999913
999971
999928
999951
999939
999950
999974
999964
999919
999994
999990
999999
999919
999936
999995
999980
999988
999935
999922
999981
999926
999967
999915
999926
999979
999964
999980
999923
999946
999966
999976
999992
999955
999943
999982
999996
999918
999910
999990
999994
999976
999939
999992
999954
999930
999948
999920
999994
999985
999964
999959
999906
999922
999937
999993
999973
999969
999996
999989
999913
999992
999935
999931
999964
999901
999935
999920
999984
999981
999984
999949
999975
999993
999900
999910
999908
999938
999977
999933
999965
999938
999974
999996
999934
999977
999948
999985
999901
999996
999970
999904
999972
999913
999911
999900
999903
999925
999907
999921
999961
999966
999941
999972
999942
999958
999907
999900
999941
999927
1000000
999956
999913
999958
999977
999908
999942
999968
999995
999909
999979
999923
999972
999974
999978
999922
999900
999935
999964
999948
999963
999974
999985
999901
999914
999906
999936
999933
999972
999972
999918
999993
999927
999901
999999
999906
999911
999977
999952
999978
999963
999935
999913
999913
999964
999947
999914
999944
999979
999912
999928
999955
999935
999915
999999
999985
999995
999922
999902
999931
999915
999966
999929
999943
999901
999923
999949
999955
999957
999949
999930
999923
999970
999981
999934
999962
999969
999967
999907
999904
999935
999982
999985
999918
999939
999916
999901
999962
999982
999952
999965
999981
999967
999930
999999
999956
999951
999906
999933
999926
999968
999919
999993
999948
999910
999919
999908
999920
999956
999920
999969
999990
999929
999924
999990
999929
999927
999921
999947
999944
999984
999961
999929
999971
999928
999986
999931
999907
999939
999986
999995
999918
999956
999971
999953
999962
999965
999940
999936
999996
999902
999957
999957
999980
999914
999966
999993
999992
999977
999975
999996
999945
999986
999925
999968
999906
999937
999980
999926
999935
999960
999989
999974
999980
999979
999941
999999
999968
999952
999907
999927
999917
999993
999926
999925
999922
999935
999923
999932
999983
999944
999965
999938
999962
999914
999968
999992
999952
999932
999921
999941
999921
999971
999907
999921
999927
999936
999919
999989
999930
999900
999970
999980
999932
999954
999952
999952
999911
999910
999962
999971
999931
999936
999986
999948
999990
999942
999983
999910
999985
999956
999931
999972
999975
999958
999981
999922
999981
999914
999924
999946
999940
999931
999966
999905
999942
