100 1000
31 47
83 50
58 59
51 100
67 50
22 55
28 100
53 18
56 94
10 9
38 41
93 2
1 100
80 42
74 97
60 25
72 23
27 9
2 81
27 71
92 71
56 86
14 71
76 73
72 69
31 89
33 71
13 17
19 66
93 45
1 35
18 39
3 16
46 7
46 26
48 86
36 39
27 79
15 47
78 79
98 1
25 5
80 63
6 5
48 33
12 11
87 28
49 22
60 23
98 68
46 2
78 24
33 69
83 82
10 44
11 47
90 99
47 50
21 99
45 58
5 71
93 7
19 37
18 32
11 2
10 35
1 28
35 82
28 7
100 62
86 43
91 58
11 63
85 54
94 73
72 94
40 6
33 25
19 8
54 30
85 92
51 80
27 19
17 46
87 90
31 47
100 82
61 100
21 83
68 99
27 60
83 59
48 99
43 88
89 24
27 51
17 39
56 6
5 55
68 57
31 26
22 86
22 54
13 42
5 26
18 88
80 46
31 20
3 59
75 7
85 76
14 62
60 26
72 71
91 77
72 37
17 97
62 30
34 41
66 36
14 41
34 74
72 34
56 64
21 92
84 97
73 79
90 24
31 65
22 86
14 9
47 7
91 55
48 52
54 2
43 26
28 44
69 82
1 87
16 11
67 21
12 16
46 97
76 69
95 71
21 45
15 53
83 66
1 35
7 71
75 54
34 29
49 77
3 30
94 2
76 2
43 73
6 99
56 55
16 76
25 57
80 48
49 21
44 35
61 57
8 63
61 28
70 81
98 9
1 92
78 85
64 35
12 2
76 58
66 45
16 65
21 97
69 35
53 1
16 58
94 70
49 6
38 67
85 69
75 63
16 56
12 78
28 88
30 26
93 2
78 70
80 34
24 6
11 56
46 5
12 67
68 22
13 66
17 62
31 97
30 37
27 30
16 57
15 30
87 69
4 28
67 82
33 19
10 2
3 51
72 87
98 79
25 81
65 59
33 24
12 28
3 70
66 28
65 71
73 92
16 41
76 82
91 92
95 97
6 97
66 64
50 24
95 92
19 5
74 5
54 42
72 71
84 26
68 65
94 44
98 95
48 50
60 18
80 85
19 23
12 20
13 70
21 59
27 20
46 26
84 71
65 82
18 57
17 42
41 11
15 40
20 42
91 79
80 61
14 58
72 62
72 43
40 42
68 35
96 53
15 2
2 32
10 83
85 44
87 23
75 26
27 62
53 78
80 90
14 94
40 66
48 76
76 36
89 45
7 77
33 83
75 23
12 86
15 65
14 25
67 7
42 5
45 42
34 53
3 75
98 28
78 99
80 75
74 42
76 79
4 6
95 64
96 56
70 35
40 66
18 47
34 58
94 63
31 65
83 87
38 70
68 43
63 45
78 43
13 61
68 11
38 58
13 12
47 57
27 29
76 39
15 35
76 88
62 92
27 11
85 57
94 7
28 7
61 6
49 44
50 69
10 37
98 22
40 64
91 58
76 86
90 58
87 77
27 76
9 58
47 26
38 23
57 55
15 32
27 38
9 50
11 97
3 52
85 89
53 62
30 5
31 40
93 58
17 89
17 11
72 43
12 5
20 43
45 79
27 73
27 97
27 26
14 76
15 61
54 81
31 36
72 70
85 63
3 29
31 53
21 28
53 42
80 75
72 95
93 59
10 54
75 71
4 55
1 20
22 81
50 88
95 63
60 59
3 1
65 88
96 33
10 45
8 25
10 50
25 79
70 77
85 95
85 87
33 23
24 69
18 89
60 82
60 23
11 79
4 69
91 89
84 52
53 32
8 59
7 82
99 57
13 19
10 55
21 10
51 66
99 58
91 17
8 45
14 39
93 69
50 35
80 78
61 75
45 30
91 64
34 86
19 89
40 35
17 81
91 69
86 87
67 97
29 50
70 26
84 97
49 44
68 7
80 82
24 55
76 24
96 54
19 2
38 89
18 7
80 75
51 73
8 82
96 99
72 82
29 71
68 78
53 90
16 99
20 47
87 71
76 71
49 20
10 35
86 24
78 1
75 99
49 36
9 44
61 41
79 82
22 26
4 57
53 61
89 35
51 70
84 70
8 30
43 45
9 97
6 99
67 2
84 50
29 2
78 92
68 29
33 77
31 50
19 6
98 56
49 75
43 87
60 79
15 86
38 20
49 85
84 57
98 9
78 82
67 7
27 93
33 47
43 7
2 62
8 97
98 21
76 63
73 71
28 81
39 82
72 25
89 7
45 32
86 63
49 41
64 39
27 29
89 55
8 70
7 88
27 56
21 23
18 43
9 35
61 54
80 20
29 59
9 92
75 86
29 79
13 29
45 79
33 23
4 82
93 39
31 51
34 1
10 8
46 58
40 57
22 28
90 35
91 89
28 57
68 22
41 25
89 9
96 60
7 39
10 92
31 83
14 70
3 94
12 57
83 69
12 99
2 6
40 61
98 55
60 90
94 63
98 75
34 25
19 61
67 45
3 79
40 73
20 94
33 50
91 99
83 70
60 79
76 90
41 83
90 71
80 17
27 100
84 100
90 23
20 100
31 11
59 55
17 89
62 52
50 2
48 32
46 71
35 58
93 37
78 7
15 41
68 37
49 3
80 10
48 83
36 92
34 42
83 58
93 61
51 28
28 52
30 97
14 5
90 52
99 59
11 65
16 8
68 37
12 45
100 99
98 26
95 54
8 28
27 10
22 59
77 99
14 78
93 94
76 86
82 71
27 85
31 77
93 66
78 76
91 20
14 11
13 2
84 77
11 6
8 50
49 11
75 83
54 25
96 9
23 39
100 2
61 62
1 43
93 81
20 42
33 20
61 6
49 46
11 69
51 43
15 73
25 24
49 50
35 58
51 45
26 99
98 49
43 52
20 58
36 64
60 55
74 17
72 5
70 42
62 5
75 50
21 40
15 43
15 78
98 21
49 51
68 48
3 70
3 21
60 77
14 22
87 39
42 35
76 99
38 41
74 6
85 83
40 36
96 84
85 65
8 44
22 79
49 17
27 99
11 92
25 92
74 7
39 59
47 44
60 76
86 63
53 75
60 87
80 48
67 95
70 45
27 78
36 77
93 11
38 91
4 28
30 71
98 73
34 47
34 54
15 45
35 71
73 6
61 82
86 88
40 81
18 29
18 52
36 52
48 62
31 92
75 85
98 27
10 71
1 47
63 77
60 76
89 25
41 47
42 35
57 97
20 55
75 99
3 82
45 64
91 2
10 43
16 42
22 30
62 79
19 66
74 76
67 95
43 42
83 5
80 71
40 85
96 5
62 32
51 71
38 65
10 40
31 96
20 85
51 92
83 46
10 33
90 52
93 42
54 71
98 52
11 52
10 2
21 53
49 66
98 31
50 79
20 7
75 24
90 88
43 24
76 58
17 73
100 99
75 37
17 25
76 9
15 33
91 92
15 93
16 61
12 54
60 20
62 30
36 2
68 66
98 22
3 85
3 48
67 84
15 52
16 73
6 77
38 88
38 84
73 62
93 25
62 77
87 50
49 32
14 94
15 39
4 70
19 44
31 6
18 76
34 23
51 25
29 32
94 28
35 99
47 69
20 85
75 24
17 70
35 71
69 92
98 38
45 7
31 39
6 35
34 5
66 70
13 68
17 9
91 52
50 79
33 7
51 41
94 73
28 82
68 53
67 53
50 92
95 37
17 99
12 24
43 28
61 88
67 1
89 64
48 83
19 17
39 71
4 69
12 62
33 36
75 47
10 42
45 64
84 25
42 82
69 92
68 55
60 26
4 89
61 66
89 95
34 46
15 9
76 95
26 52
9 37
1 20
18 35
7 32
84 56
16 48
14 47
74 92
30 39
13 52
41 100
34 62
93 22
30 99
14 95
15 59
27 8
62 26
46 47
40 60
84 59
47 44
1 97
87 100
70 46
14 66
51 57
87 54
69 23
10 62
31 82
30 42
16 91
63 57
4 41
41 62
27 28
94 44
53 23
19 52
38 55
22 41
70 32
68 26
21 84
3 10
24 69
11 71
1 86
11 6
41 11
62 64
24 32
16 1
22 99
19 24
34 89
67 84
66 25
36 44
73 77
95 35
93 21
9 65
93 95
76 77
80 61
1 82
66 95
96 62
3 33
92 57
41 69
34 71
89 52
60 86
65 55
74 56
96 43
19 23
40 64
70 90
98 79
80 88
6 62
87 90
24 79
60 95
9 92
83 81
16 18
18 42
72 31
3 61
21 5
86 7
91 69
27 93
4 70
94 52
21 28
2 99
90 79
72 60
94 52
29 24
4 47
34 92
93 36
31 10
13 21
21 58
43 28
51 26
33 64
31 76
49 7
4 18
66 55
10 65
91 28
95 44
91 30
9 81
21 50
80 97
42 52
2 5
95 92
12 91
13 55
13 17
53 94
3 96
63 97
53 82
76 6
33 84
53 79
48 76
13 92
4 36
68 43
1 76
61 9
40 62
49 48
74 83
95 100
84 77
41 94
3 82
72 48
72 39
18 66
53 2
76 23
67 91
1 79
13 64
66 6
27 87
21 24
18 45
