256
8
00000000
8
10000000
8
01000000
8
11000000
8
00100000
8
10100000
8
01100000
8
11100000
8
00010000
8
10010000
8
01010000
8
11010000
8
00110000
8
10110000
8
01110000
8
11110000
8
00001000
8
10001000
8
01001000
8
11001000
8
00101000
8
10101000
8
01101000
8
11101000
8
00011000
8
10011000
8
01011000
8
11011000
8
00111000
8
10111000
8
01111000
8
11111000
8
00000100
8
10000100
8
01000100
8
11000100
8
00100100
8
10100100
8
01100100
8
11100100
8
00010100
8
10010100
8
01010100
8
11010100
8
00110100
8
10110100
8
01110100
8
11110100
8
00001100
8
10001100
8
01001100
8
11001100
8
00101100
8
10101100
8
01101100
8
11101100
8
00011100
8
10011100
8
01011100
8
11011100
8
00111100
8
10111100
8
01111100
8
11111100
8
00000010
8
10000010
8
01000010
8
11000010
8
00100010
8
10100010
8
01100010
8
11100010
8
00010010
8
10010010
8
01010010
8
11010010
8
00110010
8
10110010
8
01110010
8
11110010
8
00001010
8
10001010
8
01001010
8
11001010
8
00101010
8
10101010
8
01101010
8
11101010
8
00011010
8
10011010
8
01011010
8
11011010
8
00111010
8
10111010
8
01111010
8
11111010
8
00000110
8
10000110
8
01000110
8
11000110
8
00100110
8
10100110
8
01100110
8
11100110
8
00010110
8
10010110
8
01010110
8
11010110
8
00110110
8
10110110
8
01110110
8
11110110
8
00001110
8
10001110
8
01001110
8
11001110
8
00101110
8
10101110
8
01101110
8
11101110
8
00011110
8
10011110
8
01011110
8
11011110
8
00111110
8
10111110
8
01111110
8
11111110
8
00000001
8
10000001
8
01000001
8
11000001
8
00100001
8
10100001
8
01100001
8
11100001
8
00010001
8
10010001
8
01010001
8
11010001
8
00110001
8
10110001
8
01110001
8
11110001
8
00001001
8
10001001
8
01001001
8
11001001
8
00101001
8
10101001
8
01101001
8
11101001
8
00011001
8
10011001
8
01011001
8
11011001
8
00111001
8
10111001
8
01111001
8
11111001
8
00000101
8
10000101
8
01000101
8
11000101
8
00100101
8
10100101
8
01100101
8
11100101
8
00010101
8
10010101
8
01010101
8
11010101
8
00110101
8
10110101
8
01110101
8
11110101
8
00001101
8
10001101
8
01001101
8
11001101
8
00101101
8
10101101
8
01101101
8
11101101
8
00011101
8
10011101
8
01011101
8
11011101
8
00111101
8
10111101
8
01111101
8
11111101
8
00000011
8
10000011
8
01000011
8
11000011
8
00100011
8
10100011
8
01100011
8
11100011
8
00010011
8
10010011
8
01010011
8
11010011
8
00110011
8
10110011
8
01110011
8
11110011
8
00001011
8
10001011
8
01001011
8
11001011
8
00101011
8
10101011
8
01101011
8
11101011
8
00011011
8
10011011
8
01011011
8
11011011
8
00111011
8
10111011
8
01111011
8
11111011
8
00000111
8
10000111
8
01000111
8
11000111
8
00100111
8
10100111
8
01100111
8
11100111
8
00010111
8
10010111
8
01010111
8
11010111
8
00110111
8
10110111
8
01110111
8
11110111
8
00001111
8
10001111
8
01001111
8
11001111
8
00101111
8
10101111
8
01101111
8
11101111
8
00011111
8
10011111
8
01011111
8
11011111
8
00111111
8
10111111
8
01111111
8
11111111
