10 10 20

1111111100
1101001000
0101000101
0111001111
0111011110
0111110110
0000100001
0000100000
0010111011
0011100111

1111111100
1101001000
0101000101
0111001111
0111011110
0111110110
0000100001
0000100000
0010111011
0011100111

1111111100
1101001000
0101000101
0111001111
0111011110
0111110110
0000100001
0000100000
0010111011
0011100111

1111111100
1101001000
0101000101
0111001111
0111011110
0111110110
0000100001
0000100000
0010111011
0011100111

1111111100
1101001000
0101000101
0111001111
0111011110
0111110110
0000100001
0000100000
0010111011
0011100111

1111111100
1101001000
0101000101
0111001111
0111011110
0111110110
0000100001
0000100000
0010111011
0011100111

1111111100
1101001000
0101000101
0111001111
0111011110
0111110110
0000100001
0000100000
0010111011
0011100111

1111111100
1101001000
0101000101
0111001111
0111011110
0111110110
0000100001
0000100000
0010111011
0011100111

1111111100
1101001000
0101000101
0111001111
0111011110
0111110110
0000100001
0000100000
0010111011
0011100111

1111111100
1101001000
0101000101
0111001111
0111011110
0111110110
0000100001
0000100000
0010111011
0011100111

1111111100
1101001000
0101000101
0111001111
0111011110
0111110110
0000100001
0000100000
0010111011
0011100111

1111111100
1101001000
0101000101
0111001111
0111011110
0111110110
0000100001
0000100000
0010111011
0011100111

1111111100
1101001000
0101000101
0111001111
0111011110
0111110110
0000100001
0000100000
0010111011
0011100111

1111111100
1101001000
0101000101
0111001111
0111011110
0111110110
0000100001
0000100000
0010111011
0011100111

1111111100
1101001000
0101000101
0111001111
0111011110
0111110110
0000100001
0000100000
0010111011
0011100111

1111111100
1101001000
0101000101
0111001111
0111011110
0111110110
0000100001
0000100000
0010111011
0011100111

1111111100
1101001000
0101010101
0111001011
0101011110
0111110110
0000100001
0000100100
0010111011
0011100111

1111111100
1101001000
0101000101
0111001111
0111011110
0111110110
0000100001
0000100000
0010111011
0011100111

1111111100
1101001000
0101000101
0111001111
0111011110
0111110110
0000100001
0000100000
0010111011
0011100111

1111111100
1101001000
0101000101
0111001111
0111011110
0111110110
0000100001
0000100000
0010111011
0011100111

1111111100
1101001000
0101000101
0111001111
0111011110
0111110110
0000100001
0000100000
0010111011
0011100111