1
506 7104 1472
342 201 5181
2985 640 2836
1469 1162 249
4758 6193 310
6742 7003 1421
1895 5754 7053
2653 1410 2500
3357 2657 2971
4935 6052 1563
380 187 523
678 2402 5106
1384 3209 4105
4493 489 5452
4010 4271 3638
4875 961 2866
4946 2504 1747
1945 1666 389
3376 1862 6578
5395 310 4206
6740 1445 2966
3209 138 6184
1243 5838 3974
5463 2727 3678
6000 5642 3328
5631 3080 334
972 2253 3276
5819 5593 7020
2332 5122 4000
4289 732 6278
3275 3554 6042
3245 2420 907
3760 1654 176
5586 5420 3277
3916 4253 6191
3484 6870 5522
4243 2789 3552
5071 977 1294
512 3547 3553
3259 1371 3549
6306 2914 2276
76 4349 6171
4255 6247 4741
5367 3883 2406
34 6547 5887
5104 3887 3053
3508 2446 3552
7094 708 5920
4328 2792 3281
3471 4954 2521
1384 898 1358
1489 5960 1237
3974 728 3230
3719 2129 6612
1363 1970 6960
5458 456 6657
2104 2339 1952
2973 951 6953
5312 4840 6746
689 1938 2286
4174 2819 4240
1432 806 1656
191 1251 4093
2380 5817 657
1116 2804 2608
6559 2334 6450
1008 566 2450
358 1892 1573
3104 871 476
3407 688 1042
4365 353 2375
4066 6938 3527
51 4546 6034
4704 298 2527
1785 2735 2286
1088 331 2003
4083 1754 1918
5689 6724 2655
392 3088 3235
1560 2785 3133
6767 6131 3914
145 331 6622
782 5048 4541
6356 1608 6834
404 4023 2917
2952 6862 5280
4331 3063 4088
2611 6074 6449
1111 438 850
1861 2439 2467
3414 3867 2018
2747 2320 6244
3940 2590 3444
6993 4108 4313
6185 3843 389
6271 1541 6851
5957 4411 3928
1396 950 548
109 261 2003
5650 1292 6955
1429 4144 2947
4239 336 6675
3751 4036 1303
5834 6037 1595
2983 3767 445
2298 4099 4317
6050 4554 731
4345 5531 176
2290 150 5278
4191 1472 2844
3325 7084 86
2089 625 2818
1600 5155 1047
727 1455 6156
4280 3935 1240
1238 3021 1023
6295 3513 6979
1476 1240 2116
3771 789 5495
944 469 4070
4838 3259 1582
6831 2255 6004
743 3613 3131
658 6440 4487
2739 905 1701
6115 3493 1375
2656 3706 6857
6908 2224 6169
323 4033 6016
2378 12 859
794 1474 205
4952 230 1884
1099 1977 5101
2310 3593 4936
6627 1082 1514
492 6437 6129
5847 1146 6335
1939 6432 4942
1841 4209 4070
475 5107 4598
4920 1471 1910
6171 1532 5402
365 5403 4753
6113 396 2791
1842 1198 2192
1306 3613 4314
4415 303 245
4494 6513 3634
3686 3862 4687
820 1351 3000
5019 3715 1348
3 1328 1049
4412 4714 1611
4244 2408 6547
843 614 4030
2092 3253 3854
1429 6270 1979
711 2889 580
1278 255 4001
3261 3217 5962
6895 2432 3904
6360 56 1232
5521 1701 1877
4016 6025 3183
2585 2872 1202
5485 692 1129
1500 3582 6679
702 2978 6304
3353 3651 1006
3938 474 5930
5952 668 2854
924 2346 1565
6620 3277 3104
2341 5263 3859
2734 3156 1964
3832 5194 1379
5469 5902 6860
658 686 6466
4859 2209 2415
6516 4746 3267
1625 6406 6306
3024 7092 52
1058 4538 2167
5859 3109 5378
6385 316 1859
4460 6249 3962
5786 624 4929
6466 3278 4018
2657 1395 2574
5812 5393 4159
4121 1546 933
825 6657 6991
4896 2415 1583
4183 4115 4793
4968 6500 2757
338 2191 2397
1047 2599 554
2875 2792 3758
4393 6598 5303
4793 4388 512
3591 4043 1892
3040 1352 4330
4133 2114 1459
4533 3994 1372
2230 4600 114
2484 3537 2046
4954 6992 6656
3430 6339 6126
218 1337 1061
246 6905 891
6211 5165 1115
4800 4849 1067
6600 3650 3668
3535 3765 1200
938 6193 2857
3144 394 1496
5022 2983 3948
6318 362 736
5867 48 1310
4940 6282 3434
559 1186 310
291 2259 1736
6858 6869 1454
6120 1752 5024
1582 837 2151
2430 1652 1488
5304 1786 948
6070 1358 2013
5598 1853 2732
3818 6014 3215
4769 3531 3041
1813 4866 1866
57 5384 1463
3780 6978 4868
5881 283 5030
1887 1241 4396
990 5048 3589
4289 4955 2643
4999 3335 5540
4260 782 2626
3008 3945 2225
4671 5078 2109
6001 2890 4691
3243 4798 5666
2380 576 6397
1514 7013 6116
4553 5601 4017
7082 56 4372
4058 3173 3807
3090 5443 3133
1368 2913 5229
579 4034 4399
919 4610 1546
2251 2474 6294
7017 2837 6355
2626 302 6644
2226 2556 2302
518 435 843
6873 2845 826
6548 2206 4904
5829 2353 1042
5551 1741 2948
5405 772 1389
1995 4245 1526
6725 4084 5504
775 4001 3890
1811 4832 5270
976 3392 3844
3629 1350 2992
4803 772 74
4301 1456 880
3496 6468 1044
1511 6549 4425
5412 3870 3200
1435 2225 5294
1387 5577 6623
1340 1593 4533
5336 5273 5064
3352 5569 3687
5504 3142 2670
2493 4396 1268
594 1357 5385
6455 4345 3844
6301 14 889
1010 203 4067
293 4779 2403
3982 4421 2413
3263 2331 3139
5763 971 6093
551 1321 1956
2594 4165 6384
4517 2521 3573
2980 2941 1522
4676 685 2501
1077 5801 435
2385 4789 6971
6021 2502 5846
2785 4924 5419
3981 3017 3355
3138 6951 4317
3962 3864 77
1586 1124 3419
198 5059 1085
4140 4349 1055
3176 1973 1989
5342 3431 3773
6810 3865 196
825 1770 5339
4592 5029 5908
2578 3115 2516
3695 138 5603
324 526 6877
96 758 1922
3427 479 3197
2209 5488 6397
1556 1158 1023
1048 5940 5337
3689 7088 3494
3345 859 2259
6167 2038 966
2041 1386 2476
3416 5357 3794
3629 2348 1069
1567 3542 6269
5140 3032 37
2657 1718 3019
5377 3572 460
2209 186 2130
5201 245 6483
7049 3883 3494
5565 13 1230
6955 6374 5998
3101 2663 6578
4168 403 2046
6536 378 98
2662 1873 4441
5914 6401 6908
165 5707 4458
3334 4667 5998
4750 6776 2701
1985 381 7025
1488 1970 4992
1189 1844 3838
2734 2918 25
1754 570 611
320 5522 4303
3758 6847 4784
2911 2050 1402
5791 2551 6852
4110 6928 535
1097 2639 2909
642 6361 4341
236 6353 5170
3986 5079 5900
3856 455 6218
2491 4012 1464
876 1914 6339
317 5633 6092
6936 3035 3535
3313 6716 1458
2431 6075 4557
2487 5063 4189
6525 3109 5958
4357 724 3504
3503 3052 6649
4475 2026 2731
301 2442 5111
5264 2264 6394
149 497 4616
4080 5282 1408
311 5199 4547
5344 6284 7086
2118 6583 1317
969 6790 2053
5908 6198 5263
3636 4903 3931
6019 7088 2733
2847 5181 4856
6197 3934 1523
6069 729 161
33 2955 1531
6349 996 1903
5391 2074 1571
4280 1754 3783
3189 4664 6841
3020 4671 4940
5540 6417 4061
1074 1780 2781
4612 5403 3043
1745 229 2305
596 5974 20
3067 5971 212
5353 4687 669
2021 1383 1991
2595 3145 5659
327 6731 3995
2311 1501 5880
6403 4672 1242
1803 1710 3349
2208 1321 4219
7089 2493 959
2807 131 55
2820 2188 1371
3496 4798 6645
5079 973 5960
2037 3584 3417
5714 4297 2735
911 3945 4251
6708 2255 4089
2360 5304 2032
7056 1476 7008
3984 2596 5229
5877 6888 4440
4701 1410 4964
3323 820 1150
2481 3218 3381
6251 6871 3607
2367 6910 4105
769 255 4864
6906 5254 5669
2100 4979 2463
4884 2490 803
4363 1502 6579
3766 982 2863
3814 2537 4379
2696 4515 1116
1800 2928 3430
3048 5857 1958
6717 1012 2439
153 6638 2051
6395 4379 787
144 5982 1684
4487 2205 890
3315 3782 5704
1414 426 2767
543 4326 5275
6797 181 1138
3469 3191 6646
6136 1380 3509
4471 5444 5712
2756 3985 5087
4804 3227 6640
5141 4714 2831
4263 2299 5909
4148 902 6705
5431 901 1583
2405 2516 1989
3429 6872 2230
1191 6566 6501
7011 4907 4859
2623 1228 3851
4365 6138 1159
3797 1402 5133
3839 4505 4072
5334 1130 2501
474 4318 2940
4239 4929 5791
3099 1811 3604
835 4626 5886
994 1583 4425
1194 4455 1280
5301 1034 222
2580 6732 4745
5591 1549 316
5230 4105 4113
1052 7043 1769
3285 867 1590
3772 4828 5208
3391 553 3834
649 4611 2194
3102 4224 4729
2788 2320 947
6475 2221 1334
5755 3583 942
541 4039 2518
6258 3446 4498
1524 990 4639
7058 3266 1032
4900 5939 273
525 3014 4291
6208 3293 3899
1711 223 2586
4149 5038 212
6690 2343 4284
5694 808 5766
1930 729 842
2765 3700 1634
1886 5763 6387
3963 4558 2816
3348 5328 7015
5934 1064 2299
4396 3597 253
5925 2672 1529
2062 1902 5028
6384 631 3023
3181 271 6507
6014 1658 732
4457 6867 1108
4297 1068 4520
2358 6519 355
5381 1056 698
2080 2109 5031
348 3732 6931
719 932 1659
225 5467 5656
2324 1339 4900
2880 6164 3407
