1000
783198890 959966775
963648769 159948605
660143958 474071159
261781103 583643409
754495657 273670234
55883582 997293212
9277653 268538632
7718501 596859644
515265794 145781616
487178112 607600779
76644439 356752744
778574053 144432872
373491250 825824108
651237458 804096550
433676068 43216960
930748883 11354491
210509388 603651960
302851273 196917734
575674439 27524181
890252275 202982849
291174189 100164698
284029415 510065079
248630075 336874984
285338770 196859117
674393950 196729349
610932773 43662831
59603393 884611346
779038912 80599817
962887083 580338699
591955903 885635114
221486917 675231546
713652511 97961640
223350123 88726374
193304517 161235121
307197892 733837537
28726691 605142265
486694553 349753852
182753304 127206773
617078928 782587211
975273509 587573089
667245816 964031760
105792447 337369180
365458920 938980077
937256299 150295771
275695437 626107646
598191855 351203322
184125552 287542021
240778858 639361788
299605679 81478762
727197686 474024916
682234758 605924918
926293067 987145103
741494413 283474088
187909891 512470623
631601788 202278433
285114014 438451111
365081797 849357562
211567660 172556872
394771534 920864478
29431715 663522641
704853380 582206199
878867696 861067742
57920432 238583962
209047893 907164734
362738222 848845310
752287108 271997755
69905813 625324743
566369053 668655941
288433991 594106684
268783009 43096803
141288485 467963455
35004543 420219529
18522250 824398401
750167209 852841353
873552644 850463321
841581141 905041542
935563932 69764724
559832469 354182341
534369160 777454909
906140158 215179103
478857719 116198471
175915067 476666144
888433985 486314586
333004569 119394978
438383961 166626458
895447699 885986541
793106358 858713120
509015728 83441097
768141665 703397607
329241404 298091554
853848386 241765746
712230930 282180670
685326289 438567445
942687832 10806985
370986119 750911458
234554538 184644896
387728456 636139257
88946535 271989587
299455783 159271653
50707453 449838710
627122186 563822826
639028026 141316076
898727399 464329233
226022739 816571408
62632985 412870047
599785010 459672584
186581776 646964392
192078139 299567956
518964614 649122747
553333734 711052083
102902890 782155733
579577803 762805871
985186189 113008509
268167460 849012902
339505473 736455575
305423483 204753056
63839064 55128438
995767612 349707493
994465073 557228794
662022128 221785159
350834946 536527866
545305297 3902169
987711686 371844657
563823436 646006108
77462073 748947578
749319092 204864837
874987943 49500646
135199630 691070484
970450608 721493410
784757855 894194840
815707159 784971380
967000252 35654071
257703911 881040996
615397043 537443502
701481634 441638557
475527544 684759104
53275334 937634707
545768760 247020711
273251244 192968121
301054512 385106388
99037295 445503739
936190426 5131871
14380564 189224944
708611633 403895205
680367286 354826449
991079033 274177290
820763473 756013435
157268910 994833345
134404840 380640456
274795504 384673629
832878254 126535394
38600535 544482777
300053606 13485607
755374712 772104677
145879229 180220763
572320577 854540535
375004081 737078227
314817990 789679101
902094067 167030160
200136201 738067847
499372495 672229128
987581239 220251018
830863655 820695964
656996979 646214245
997343119 544671954
987766252 578293652
102239244 294017577
526578413 48246526
224537704 203013223
313941212 212798199
372983673 115684356
892006257 490049015
187799455 921617573
738536845 867573503
10878937 992104554
154942018 98256576
79450566 635365620
853306418 491335885
849357423 379058224
957958178 599724220
57082871 49661034
626963515 150714997
366685747 439727704
753869832 863461512
168563691 966548711
700483564 747391446
236877987 370641174
696098849 688863364
375901447 260095811
97113618 271131030
879793991 235615239
620687347 738376000
90718918 779661970
670022713 895521411
80303876 933443526
20628705 741501051
702486690 224625347
612715047 936410622
59889353 779112036
701506063 580383366
497346564 468312748
520710093 277391810
210068950 776634066
744459012 827368272
567678747 703998526
486974 901463762
346697693 272965994
714641141 992493255
400895831 34272798
941448921 98864043
923412436 21023899
294065218 23247929
781837406 427482384
30859720 297516176
110769168 650649514
91305222 49739306
153554040 198374823
727199925 378261553
503361007 506625652
141635378 254179004
326627248 533394121
283589208 184679121
312120327 328086358
301879067 376058497
224714732 347593511
616142987 34262037
750959042 200961498
928312740 49714480
159868311 475856912
827356902 225539783
639905595 540440001
406764701 202543827
272472905 271569938
921644371 165085037
536069647 370175469
677529517 987928947
92132113 94155792
908617384 608086101
973250038 843889905
296638134 698291150
912224780 801544392
850842853 438574013
16989810 832100793
174175673 207784088
598269985 33337429
952210018 902791452
643000336 654713010
672430214 775460909
452823524 132114732
138948135 866917504
941259125 725004645
3161861 199074116
277637525 775193646
583946979 284096660
73907507 813582152
391073191 343320991
937336127 440779475
736842334 690141910
755784976 892824253
671961889 819106363
4554464 607864273
735678675 241084141
711593989 295476536
153522859 343168020
193403142 252547108
698019605 763897919
688933494 83270481
345115307 655452471
403125602 73787833
900500266 636289278
285815229 364460826
456995100 801554354
384132802 610027982
324574739 238807131
995018801 224267633
423655760 172527799
21571886 74940867
625030510 158068992
435320273 655816092
438223602 254475615
672162163 783121465
196528748 969563964
723541516 401940568
267296041 70886631
832044129 703886998
932355840 499901194
175047289 765459554
173474574 946355458
791470676 979682985
588608530 699472255
260985503 160516723
969506125 666995294
50119025 78102778
515509444 863686961
507457053 79045509
207742503 75805341
96250445 121683342
649657198 318692944
872299203 742546857
340657154 807368512
123652691 949450996
203080521 169516214
966971543 22701185
394218248 183788542
893080685 795252411
249531243 365344744
367051553 241907877
361279549 499822491
407218465 651906520
394735867 630493617
331980120 943465526
189320981 117277419
763696183 942480439
182020969 649341606
923616194 909302784
426535442 731926843
358371900 484743980
521052604 182411203
707482309 868062256
25464754 75350178
916790165 205787097
486929812 382172588
425374677 777174425
25934703 365977669
353839036 325765878
758786106 790368421
160260431 345000786
595458459 60257009
30678694 392636530
598567381 345238445
402468178 679811733
583033229 514113637
804278157 148450291
201924249 397871721
912611421 279214400
448007370 780143884
224908014 405342133
349921966 240893686
932076359 635468161
781398734 98709580
831486629 496509147
5533321 229411545
383844315 153717862
314022479 358610376
875650991 810673975
739620769 845816986
105723380 730339764
987741403 56323264
665640302 558224629
959154261 199003581
488890176 946245939
112254187 554721031
654716674 112621988
421433492 10612225
10828400 719851765
721912347 540094125
17370001 774220596
254599046 806570821
641760443 720904378
788205842 7996816
403446115 967308342
478456677 252417930
165019935 770027922
429195412 657003615
137543038 606785594
421296937 608125871
630822239 156078440
833156017 879106062
930236196 5489376
678222161 78680390
854030027 510603117
383885432 616169950
154094325 335251400
936522230 610770119
210507423 388984849
96916789 171822515
237280346 970668233
340698960 1128056
508502838 206427069
174663561 86302893
633874838 812748589
748674136 671311542
844443234 126012486
959001014 80761609
444930696 88578158
558892723 286268086
375802262 800167569
389373195 903639998
830030157 874743405
660952417 513021131
428056134 210450162
215105032 825085155
377618875 27300496
182847781 290305594
241631015 420590722
537470490 606865262
832498649 865417126
730302248 157617456
19662527 510766448
181249477 265163355
188802957 546084638
78912924 145662836
422392562 588463083
883555310 314505411
938670503 798287113
304420543 938032529
260477848 715718778
818046958 935347557
595727292 705268243
853271083 131490319
471186539 236482231
192151079 776637436
821118677 816155377
442002409 704614760
91511882 160795613
446121716 853665851
442651876 184435743
270731512 235307604
566468055 15758650
507985945 164660233
265763811 229435023
94567418 352415380
108154059 815043562
694061928 47681836
996241359 734871670
42105469 887014610
178558287 730758198
254373268 559606736
948941087 496640092
751655667 150484099
858665269 866458265
969566320 251629824
207993818 306060471
198976392 765901653
525654228 579735402
365975307 952577969
408798543 903910697
860979521 190501528
270392132 145864476
876903594 146284913
992335421 54784792
693236928 167108160
54423370 84107616
172576177 464107766
786500411 702490048
549979262 891972793
195397410 56184547
118905957 265526957
774660266 256976904
103554841 932363323
25800695 167815998
221336553 232077392
10700032 532865993
79411589 362680139
235429926 650944793
344460970 929213832
168732984 387517264
179362934 61129023
154619429 282189779
917588909 366101682
294083162 849067673
735539113 825403445
919417386 951661625
859867170 998350362
694158721 147605726
545193343 7661331
343147977 411882376
118576796 213689403
442544862 619667329
481591929 309174916
475721626 886980416
295105639 199463557
947794203 155207745
892858555 632476200
599916987 859062873
77172018 892952111
418691565 698727020
18534955 297725396
148277012 9281462
205722900 22458868
52736030 71951597
457411026 441828436
579830155 762616892
116225147 467288685
265408059 248924078
842003862 26403857
45876855 267654867
693114643 758654561
32705814 123210505
198453995 272977845
708841694 280649799
137678522 974533160
687208561 307482925
189835006 254531682
509543333 198801605
614622888 453211312
192840610 695955845
635077229 320854440
678796154 384481095
275363530 162592595
337921868 554775906
875748697 519908063
171192501 584175930
242635989 381117601
212007160 862742667
712596378 995356224
778510352 213623515
856743463 172669339
540033380 680665584
41295659 316911963
993371379 684473117
187174951 621441864
385133202 929805539
327823390 282889979
295187240 610194966
666798740 955632656
182281437 412643561
458902230 950584603
715951001 297642129
10702104 206910081
282621121 62714500
34995641 579636831
176535178 963786811
949232905 788261664
703929473 43105515
528066298 173600487
704631724 22729045
660885487 16912054
811268551 289947012
539596870 853301895
811205147 95439219
931999682 215949897
191694850 149421742
110455379 539298457
7511572 319702752
649751014 253187881
994032350 116487054
677540048 470079774
906845865 381755137
509364141 797989521
31212826 990308946
556699402 3950829
668793940 992259488
423385281 280666336
90284826 614701194
598384857 914641606
409192577 100126942
213878565 43409597
863470874 573831782
288751801 106511511
453046416 780139412
50791662 189911238
649538002 425889242
818892338 986029263
246748627 656925710
683811341 679798307
903786025 426729040
204740479 821683202
519014252 68317158
407716215 888480161
759167936 281411033
962606694 206606134
419398811 850207067
158621066 313000230
527534308 689975357
231252327 173433096
418554771 261459730
947787742 928678967
501204128 155754108
490980856 848321150
533894723 957924975
518423015 977785188
952763931 436995750
439469841 327517473
890957107 10913252
549583571 660502599
756245660 510495267
519560892 47761728
838321684 478776126
726390981 510056424
196655674 230904404
655778279 368844617
759085163 971915345
66687108 760409833
6329045 31201733
143599407 944590780
589843681 127748315
68507279 286872449
392246634 998631318
460367123 145052696
57611088 777403426
480110310 844911422
43635168 155329639
137011838 461148796
643206810 908753809
467221662 681068960
488095373 453744935
675576252 69926651
375143854 54478641
47102990 444339483
734045834 81426823
857091544 420303969
890601494 954206460
900990304 206512292
139855190 907105954
713248025 454821058
786169257 30241568
308438846 442011155
257419423 296540791
150634412 21370822
173399741 581655883
566776370 765540242
721205545 224535146
863267176 747299484
639611909 230534690
457661108 144528842
114458591 974224875
619072722 121004288
690736489 429346163
541275117 731589003
892067773 516462754
935742534 353714600
288145004 976149368
935041646 84804860
384696792 276466983
450780530 418738572
260162548 955045580
246688533 263308222
785699889 237393020
28279376 435740882
604340637 3088973
840220515 496262592
98775458 623219568
994146078 882839910
183967905 634102429
456616932 662290237
491947057 760231121
55025553 767709065
134309270 488942485
81957334 719944867
189185567 403392373
874387935 183933939
344969471 650984731
752159990 233119623
995961963 120517365
178517140 128662345
915427743 206003270
589897791 156579568
493248512 368713434
299665703 485873529
251328200 775991017
167539689 988261940
94364135 743659508
454572010 934286668
241070471 370345627
71983760 25470559
597174547 777361506
337751626 675645172
870921313 539004278
989782611 701489039
981402598 758239838
897979306 627983236
451044288 446513408
71503557 828043037
211364674 36160834
246233048 57914922
47310611 967417920
233682769 822931728
888426864 816566999
609191482 136787021
709295170 546366563
739481534 409766476
974734707 72377889
532343096 189529358
359648615 827914533
11325785 509440335
188002140 540397921
526400985 427620995
802359741 914744755
606934525 941399607
418903967 319804405
773381295 333447664
237585438 718354586
495285291 587865666
293329560 362672236
162358487 463857680
38461049 630950470
248091604 34120995
540357187 540427330
542900152 495045569
315415279 596928190
227154850 810712531
875095013 65785084
764916692 611860576
768169221 678283930
716371094 101055035
834445534 428055959
539952831 341773888
22050587 423873662
445203383 7130567
738168021 175904997
932308927 419951497
313132948 433877799
605521768 902509142
332931393 409315496
22155719 484112875
938919771 631111838
117764976 250697102
922377089 675771616
136155968 259217774
49517456 394304714
293914960 966492131
302703283 747284453
709984537 486655293
721517397 832829242
269274059 478866983
330737961 688411229
740960159 997617436
718447469 899764537
472411391 945302655
202945810 103530179
919136911 763478520
293194681 734483486
396058919 729989144
988740817 282074561
245194578 28614790
424391932 551135347
108181355 763852782
459599943 51094914
5618118 815457645
745642159 443722478
240108507 54849144
746481419 640006679
942776840 326492415
287650217 294938765
462737585 289322005
469337836 201911561
716845297 284154082
629384806 438012044
806285663 906280397
141716380 233682852
463373518 25874941
297446030 819527826
885904975 11091241
988563355 169149938
949677904 342169012
118260746 551742377
436697554 221461014
867400568 79221608
624796140 8041679
267318484 685144949
596124780 335670027
880461816 642174987
291605879 456589150
464948065 965935310
5942253 713413983
664108674 233231499
590758177 308334720
974564196 776434574
157597133 252299301
612691491 684364253
373856234 994262567
824775888 181671761
329564912 467638958
789693150 600501930
240190004 127891809
106267219 576438714
335134194 40552131
3899324 100581391
911157117 882298091
948069758 92566525
272515367 247383582
607334004 580735970
680491905 253470333
996598613 571887422
419574322 665731752
329105632 381589917
740255202 377727316
518659026 634461244
745402494 532806792
187446252 605190169
922473357 870656950
897774528 540045141
494002535 10612264
9651510 582437328
482408536 291624413
985765706 271836361
477014838 880446716
382014579 252283658
266878091 461148792
895264436 503964712
508521649 806903924
980520030 540486569
978492437 706811461
11911457 535273176
351203636 851248514
597813822 874960326
280937677 478150466
806494475 302025093
193800039 158702523
998076233 259617645
32139678 966278396
867330477 835293605
516129753 799589559
541131732 983754091
325908800 146926305
676204996 678277608
431227333 945684334
820349564 142200394
595595778 933745527
900535558 402190728
180240412 70073152
102996952 1178503
867557504 301203537
860902456 261134749
744260093 381563122
866843734 728900658
541557690 53565025
587511569 340858868
858911779 92516141
611636160 769923132
639575854 71189418
105152059 51189067
992370875 6049940
321024570 64121062
379466570 339301413
755631210 756283579
729288177 247897665
286276155 241019382
12806435 641370209
59774784 812445080
71320865 686696315
532608598 376791755
967114347 928314350
475346766 334838752
386785764 666712694
15993487 2591423
693544807 117982621
438164458 798917059
465115015 372758036
166171484 953463689
530579867 84355992
950189606 746718669
69119937 503051982
544571515 147806441
345413655 946399905
511525306 211064000
939549294 258096492
891246142 66507165
138489 83246943
566215945 325667487
660223626 154574116
118378386 632029791
153477489 924719376
483160902 590444660
827261472 75638430
952823695 988971292
343467162 431155801
271210541 778998627
320057411 561154444
159771411 322886728
689338819 307267239
337217331 633560323
55986655 541168867
191721321 524727980
34668561 408176932
819132537 964663121
612267581 207616861
61551451 137897985
274115886 678511520
662300651 180737309
707353422 616369504
609932133 482557935
206211578 491035885
202245952 924207888
573461817 215315716
753982669 532440341
152144911 648980124
704961551 153322584
820730978 27106081
182712752 541666284
787184676 508893353
146427571 738632062
644172966 711055867
347476570 641849896
142748710 842833384
695075186 149566120
924775605 736834208
180300804 460587114
55196788 978567854
929320831 432088750
54608978 757433532
248706780 944425958
643634446 467672056
407308808 644099328
517907374 133935000
111358957 490015316
105767690 12883959
633150206 4900875
765083073 950068448
212216309 905935554
821233712 305828815
298341070 307055259
657452822 867637442
911803429 42252428
229207476 498248203
993746821 852211930
594627872 433582492
513004293 251044122
511284381 258689794
604676227 89560297
35299666 97378409
4225966 961908407
749026269 551457047
545079224 195180524
41819059 103762810
894467087 51712332
383156670 207616943
337570421 992123104
564357153 58805491
903757005 327872883
298301680 77565983
152377091 406036779
505808326 137522292
309053852 787444013
581473802 992330092
246989942 91649452
198690343 255638866
864757268 72176729
953411792 473457937
516523858 314658725
149424713 288881515
549927742 277019987
169826613 803480765
710325301 145179940
619208069 133664508
795166016 555324461
803779635 121944399
139878229 215313586
943091354 702161501
576559495 62862769
303375045 195316854
196805538 772188328
977703715 761615497
182454728 605485602
475144347 385256519
540458101 201699542
694649294 309091603
141982210 579181379
531820944 928099585
329669280 516744819
429730278 805944445
965417087 616197454
164208594 423648620
98130721 216376177
658262868 126093004
616975523 405229878
760472706 729514469
473513466 530499964
327584051 650768004
435698262 578172406
555263715 285479455
658998830 360136532
438950132 356449039
717040122 321070362
293846129 182766641
134878802 228764675
903193908 220661669
553557688 338232982
580541990 381430947
86732322 786284095
511924584 576927058
856285841 479747952
16525628 504805245
274397115 230880266
52940644 70006078
622013468 291495240
417217473 729293173
895989496 286349281
146896732 505467184
220592774 46131336
170073192 681093258
47137756 459136419
896555959 550860739
954764404 518121541
341350161 758888276
883086855 46234139
380127937 962103253
496428657 938798527
812904667 359693154
612144447 246013294
879493437 405815744
502303812 807294354
761298616 814231808
781937462 162109221
707295599 269150837
540536190 275088910
976199923 477704464
203477668 163854552
486910608 288083695
