700
-746247 56942 -574837 -99472
-51079 851714 276493 -520496
56946 -347291 539114 -442191
-871540 969122 44384 -35418
-664098 -621877 -607367 -843614
-397403 994876 310750 258342
629407 338080 695757 85543
-318225 414523 414568 -700017
-771727 -560340 -22944 -572275
121965 373045 806586 295146
-686725 -40730 826241 -767654
36589 342167 757769 -380169
-585190 752703 -500396 -6421
-811633 568095 -656100 -113400
-991373 844021 409302 413223
-815646 -51935 -367195 -708468
-275362 143170 544178 -742636
-590658 -55144 306463 -911286
-534095 607291 -182551 184993
-59914 810785 412340 -889510
696634 -152334 829937 -606808
-775532 758235 -30897 -973024
-267189 -233653 330133 -361103
-103907 191076 18573 -748915
-28751 688140 606869 -6475
577814 -79483 622764 -908833
207469 759679 904389 490711
778605 583592 826452 18818
-756062 910760 -332307 -810623
262962 701168 360885 -516479
-611588 704956 61579 -665889
-791575 650294 23629 517794
-976696 11590 -787636 -606742
-142331 337272 533827 -562396
-498431 480354 345086 -848286
-258 847026 727802 -851642
136110 448742 138860 -650762
-380932 254701 934019 179761
-202500 -468605 878223 -602689
-429203 711070 -178269 -299178
-327046 979330 185042 404605
-337781 -333398 3707 -459962
-61109 918157 418198 58242
-558989 506316 202180 275756
885799 985470 971069 -274579
-355568 394548 285058 -73037
-695729 104009 795887 103303
-649790 809894 231319 -611777
146231 144267 603304 -95462
117131 846883 919321 -885354
-690983 -85626 835475 -179174
-762835 -160217 380966 -517182
-150857 652675 349620 -351508
-806462 -57860 -222284 -515307
-418474 670593 -299638 -608975
-45151 -35144 501023 -136077
633122 804428 826123 -845883
-370274 32646 -233152 -92327
-100329 990243 538405 -133885
-178725 142332 541383 -63015
555351 64426 743849 -893945
-513331 -243112 343874 -426696
-197128 785 683349 -756972
-429957 891910 -358611 -242820
-242831 859078 562401 213893
-698452 671388 248579 461718
-461658 242360 -49062 -431726
-551779 467193 975240 284951
-33714 524721 166343 160164
-727796 68790 -486505 -942281
-48016 607382 367318 -969115
-188660 702404 643208 141376
-48551 -126963 606793 -705743
-19013 281461 832636 -986274
-260756 765574 216112 -723039
-495524 817119 -174113 479070
-814796 -316049 -202305 -490470
-798792 -333560 -611489 -594087
-548807 27791 -464425 -556274
-483741 929168 63133 -519562
-660413 413001 -294846 -712707
-777252 -833087 -513962 -871271
93288 68291 432607 -236612
-931549 567617 55361 -826138
-184837 628756 568291 -266033
-845118 262912 593308 -345785
-471782 282049 825195 134330
-566579 -908584 298679 -971627
-351370 -508582 64364 -972916
-783370 -430894 830733 -719367
-699506 658127 -645978 -838383
60335 166659 633869 -353285
889865 602994 919029 -990774
49209 196111 130288 41614
-685462 650599 763701 302878
-920284 307292 87362 -651306
-294691 700075 470536 97736
-989155 95083 -356394 -185000
291187 472279 583769 -390771
-290503 806903 205808 386964
-589328 726090 175075 -283219
-107981 -110123 314536 -837427
-380456 -193445 506971 -984818
-932375 -492114 -296751 -847035
477806 -28042 698563 -424459
-476728 -372208 540123 -406321
-26088 722349 928870 141198
-137064 876311 776377 774248
-241034 -315291 848530 -356672
-122300 -37169 424370 -514288
-757918 -592829 -215058 -662094
-551204 -222492 548400 -934904
-566755 832577 -116211 -782429
-130631 802821 493779 802169
-119282 41970 351035 -864477
-591346 99863 261245 -585700
876863 991725 944519 -673803
-824598 626881 -696102 -404478
220858 551401 523423 231852
-828350 568292 182449 223928
-438247 -284057 -305360 -458925
191007 59966 797479 -962037
-907680 633721 92955 339362
-745057 114053 696353 -720982
-846581 981148 -355654 88204
-623739 838730 -248724 -375398
-441182 -515505 266146 -791697
-813241 305745 -334812 -6502
-447869 -576752 834141 -701745
-842729 403067 570088 79364
-572893 169330 -5961 -256222
-551117 541712 -430549 -613925
214992 432159 615060 -601615
200039 -380401 479255 -786192
-99755 -503732 -80714 -646468
-468602 312002 355393 244988
-440049 656388 573119 561971
38881 -786073 600404 -788261
145793 229303 536801 66247
-377453 -255489 905204 -994085
627363 644365 741781 257066
-214987 47291 449569 -364959
81366 572926 997854 -663501
647450 707581 956551 510304
1980 195467 675727 -446944
42461 611081 510650 345974
-840282 -49959 -586569 -591072
-449762 -517543 622445 -955456
139100 897743 620097 -388722
-901008 806714 -488322 740906
457971 485231 616590 -932719
-808377 693221 71253 -134143
-183187 247102 993476 -427871
-343811 126149 -143922 -192954
-200898 423840 106741 49964
-775123 -40421 -351753 -744149
-614548 -45375 -422926 -177265
628919 994075 703323 -94314
-543934 966896 825122 384932
380004 513823 659363 456564
-21222 701430 107833 -473281
-531953 -36106 621010 -392323
-339764 274751 -101202 -561583
-99635 946263 561743 -822630
-541419 -361375 -16532 -983812
19964 589172 931617 272760
-778538 553380 402851 110940
-739112 147506 -43423 -95266
-99371 68629 298961 -568809
-537783 456578 79861 -374294
-137767 300458 510601 -887412
673658 790172 904051 53667
-928359 771977 423630 612351
-925787 814096 -342540 345382
-717 666318 382158 176124
196867 -307043 509952 -541587
-802279 426901 408229 64712
-405445 355776 -351313 -407142
-935939 -411192 636108 -485330
-345962 817704 -248195 383629
-408447 -13154 243538 -510107
133941 891348 620972 -291446
-614085 90801 708159 -718606
-891687 924369 -546548 835494
-232361 522149 573231 118945
-156146 -466654 803587 -591779
330910 -514908 621000 -933928
-782529 443553 -597905 -31143
-80829 936008 471051 -404786
-434765 380159 61369 -807931
-272007 -488214 849647 -666391
-438658 262304 -232466 20844
-722129 -34647 -459585 -523578
181600 578956 745787 416024
337963 606792 524820 -591062
412882 -708951 502686 -927393
254795 220785 819098 -530757
-956678 -137732 694632 -496124
-329049 317039 -88037 -368571
-840817 -50609 491888 -645731
-966640 -18047 337061 -968666
-920924 218725 -529897 -595950
501530 270830 920004 156871
373185 259985 912539 -499870
-569910 -170425 519111 -817006
146245 -189673 720232 -741629
-990196 -353776 -608132 -627147
-507868 922874 -434297 138664
-383629 65975 385239 -519647
-721376 126697 839395 -76801
409259 -211102 983014 -312795
436701 325833 955090 -367427
-331946 660634 -317779 165077
-811234 -227244 -754933 -576766
-515677 782853 128269 -858813
36233 992558 103432 47430
-323752 817564 -224480 -262019
-302610 -58414 -240505 -358429
-333272 222008 891094 117795
-597266 961807 945474 -23070
-736175 345653 -224028 -570911
-697258 882248 -552746 27886
-948300 655979 893227 -227477
-231164 831999 875340 644371
-714672 499417 552208 22234
-767727 691718 982044 501213
84558 685306 239587 -665082
-532279 347089 -340886 -843340
114283 553359 988365 -160092
149837 375243 152394 -791305
46637 246035 868725 -606230
-777127 331523 -147971 168154
-880043 100928 709882 -705584
-326543 393140 600502 -721881
-529441 -505473 619417 -884107
291094 983496 916524 6951
-173782 824930 213079 308535
-551668 875625 -348706 194342
-546537 -36586 600808 -307295
639827 930747 970795 183575
478197 525752 529484 -440759
-586138 -543824 391611 -831933
-419474 271225 -339192 -557904
-790378 906887 -153458 480046
-674351 933791 -414405 -729398
97971 334093 236173 -583118
634843 907633 982800 -377028
270791 -782623 813871 -836639
-907506 930316 -285542 113156
-405023 944809 -159134 -61085
-827491 -536363 -519033 -708444
-303175 -11374 -125934 -715309
-250029 131882 -132067 -548672
-998607 -359853 251258 -457721
-815283 411039 -577023 -475971
575570 349172 741858 48078
28120 486706 263676 233530
-355842 563738 354497 425809
418285 204233 475161 192658
-906963 -58095 963603 -645026
-461905 777220 70823 260045
-363861 -33750 535236 -632925
-627106 918342 -83011 214225
352281 -493368 861412 -582601
198136 492300 494765 261484
-374026 629458 -131390 -596945
-574424 906252 385750 331137
-521514 322384 -322705 -254283
-164056 369474 400381 -367738
-308755 981367 716671 550384
312742 -340230 680676 -538273
142996 -486219 674450 -813834
-64504 249364 143475 -150372
-902517 -250543 -150385 -426454
-226944 -379699 969250 -619657
-430290 781343 49154 -618625
-545766 38824 -247772 -94362
577047 877987 683141 -146726
213009 36685 585228 -880335
-234587 4622 741610 -400949
-72912 664541 55713 505824
-953727 476030 -737623 -154036
-562745 -269486 -82102 -299472
-664048 868375 415830 436852
-605881 945052 232355 -271051
329118 248039 687860 -575096
-718925 784837 -190392 -945650
47336 993044 978839 -88169
-835863 549782 -136608 -667417
-752165 192550 361129 -440511
-608982 -6806 263846 -953014
-252559 902058 724548 855526
-579906 365713 299758 -612982
-419932 714451 -417411 689075
-13420 826636 862106 253336
-994528 -497166 155159 -914196
-427004 293729 767810 -152136
64028 886536 180555 642202
-127697 485316 429416 -384625
-603160 174448 180253 138656
-626140 941605 -188885 877363
796137 403570 818288 -338944
-690227 666396 225492 378073
269720 567200 771098 422370
-582156 973297 732710 592860
-556020 -219570 -48329 -959121
-743123 370176 -89240 -65312
-273266 213731 -247759 178550
-643285 381997 396203 -387264
-553940 500899 -4841 -325785
-317066 922466 -261420 -667958
31471 -245346 630071 -635444
-126089 506021 666065 -645245
-206202 953862 268614 841375
261862 440247 275191 64644
53294 45581 442800 -742274
-195534 739519 407852 399800
-711510 893688 103835 -939158
-976629 976834 -815874 -718710
240747 -511061 525465 -916529
-685317 569933 -304201 212704
-882069 907552 514700 275149
-717920 258385 304988 186971
-378564 640057 165471 -40991
-231019 78815 441577 -924396
366032 -203716 396424 -991807
-447510 901832 510121 86432
-705268 855837 -380860 421823
-118497 124034 882325 -817267
175029 -152739 853252 -286198
-375618 -302904 724330 -880401
-464677 726504 241786 353491
-647095 901943 13712 448036
-390057 -162521 414650 -395361
493138 615975 687394 -187350
163097 860781 256396 -22816
501809 704648 793297 642900
533021 895033 676032 554059
-848974 -120947 -60277 -892795
-488925 -641046 -148783 -737213
-404361 922546 -357624 -67609
-581377 975201 -187440 650391
409735 -489396 952705 -526471
-502980 612807 -435325 -646047
-389211 -574743 747591 -610813
579375 459711 733637 67197
691710 424193 885855 -85548
304558 932494 349426 -370682
-479449 636984 21781 7266
-643953 882865 -558304 250140
-332790 605864 -112894 -215934
168482 353084 879592 38855
-828732 709150 -398234 -103635
-934650 395256 -7288 -979459
290341 252164 383606 80382
-767291 543553 -60843 -786885
-479564 -13938 805720 -459498
830440 -273165 833188 -526500
-638964 809745 134985 -983997
-630779 -376535 -126479 -785478
315846 766880 372710 -151537
-669387 110426 -404958 -119395
-696845 981695 89923 687925
-745058 440813 418799 -481815
-13460 472756 983394 -519357
-587443 757055 -206313 -625602
260974 -592961 416575 -860965
-792354 526267 -627189 -462454
-169944 939447 703499 427747
-950647 234117 -493578 24182
-273661 269092 192548 108785
-966455 -402776 250288 -831794
-791959 956824 -576141 502970
-740422 890272 -68202 -215396
-386198 202979 -81254 -250917
-55486 884933 65543 -381924
-863898 163811 985694 -553891
65535 569248 815768 83583
701419 679864 778915 -702640
511162 549359 515632 -220364
-823166 800331 -371698 -102566
232856 631515 929716 -882907
412213 520216 676967 -837809
-910423 310434 124354 294247
255758 976960 354668 434698
-37220 -30465 174256 -600148
-499383 788728 -198455 502033
-246097 -250065 949088 -738455
510239 -761857 998659 -799613
-652064 -616327 325346 -759791
56513 -21762 740816 -570735
-290710 996631 645686 664681
-667801 287929 232187 -414942
-803830 843929 -289055 113024
-957962 704538 -821749 -172029
-564462 543089 85028 -177799
-763481 262968 -758967 -188095
-464610 -616318 -418132 -826065
-230103 -10279 476377 -228541
-803048 -726634 728125 -799653
616037 -640363 974690 -926233
21782 -225573 742517 -834163
-913331 509722 -399329 -888556
71875 20393 235073 -386636
-642624 685629 -45293 325927
-923860 841783 -801340 308270
-920122 990894 -598345 518771
-476390 -334205 -111257 -530891
-531656 822200 -506527 151998
-641327 -494665 -215385 -982778
-952079 112754 -35526 -622489
-392787 557670 281049 -556645
-655008 244329 -420263 -656245
-962845 2112 781277 -495370
-444787 83540 -430662 -597509
-776977 448911 -446188 -957690
238879 791392 638217 277412
620263 -972808 732104 -994827
-219627 603512 41770 -780328
-282290 305461 217038 -833413
241320 173769 778946 -213817
-857665 -455334 -335007 -902632
-915308 -690296 -592308 -839751
-618202 180950 -6159 172669
-589722 559004 54091 -514148
450730 236364 891255 -289919
-819181 31101 838413 -287386
-273846 -250050 686155 -709346
-391262 -706396 936050 -823379
-94000 928599 614377 807790
62596 -158038 921290 -430552
-753584 540076 -626211 -962224
-48020 -761066 48753 -825893
369780 -314376 810230 -473320
-253899 778110 107234 -456428
409160 -764917 968825 -872322
-156249 -307816 128578 -752800
-676995 -245397 521019 -736239
-934830 687180 -922579 -952089
-674465 417316 233336 -944504
168211 455482 317602 -652003
-188554 959022 -128023 577042
-748405 159870 837893 -510370
9405 541709 403938 -948281
33884 65106 175978 -955299
-771907 -75380 270331 -983776
38805 821347 808753 -587165
-583940 -293793 472279 -613010
117066 -706744 634204 -822446
302433 830495 926051 -602361
-201946 756246 698415 127708
-555865 257489 604018 -663081
-529673 847814 205082 163024
474862 320114 599778 -239949
-613629 -602386 -490533 -847906
517817 -24076 534611 -144458
138737 706543 968455 256846
338276 132198 979783 -549565
299311 -53782 444587 -762280
-516891 -648078 753868 -894119
745769 -188629 935426 -921463
-871451 476631 -492227 -555905
616046 829428 922104 602423
-782829 893872 2481 -589171
-355798 -19972 954208 -625882
306094 869296 876766 -643904
-145925 686376 -56559 -305410
583178 142415 646472 -859113
-58128 13347 76589 -937752
334656 883989 453724 136154
78972 866967 876300 -740404
-29769 476109 286111 -407562
-790283 899685 -266534 829997
227315 991433 587033 218092
-402366 712580 545660 -452913
-329404 229380 293025 -773808
257263 881682 566191 -704491
156558 305982 374869 -246817
-957833 656939 514807 305703
-933508 272841 548183 -434387
631160 158558 907178 -603832
-627217 -281834 -265432 -537233
-973721 -192473 27618 -567748
-642734 745060 -520356 507913
-825316 948035 -570815 524455
-629619 91983 -108062 -735103
-30414 547677 169374 -669147
-503416 528258 -309279 397441
-625018 977054 17457 -569787
-320357 936779 -236473 -933857
-787830 296503 -262244 -533255
-396271 -618894 156047 -943611
-143758 -331603 558881 -752017
-154725 412434 476082 -618207
-312860 250786 -258156 81770
-742100 897713 987695 488065
-979471 681341 -532599 204
-942834 709222 -216719 700052
786365 780244 800255 -866625
-238317 660427 128848 358704
-776318 640449 -607426 9485
14216 -6622 820605 -198937
34023 469956 547970 -519578
-323601 411172 250198 -975863
-971896 337971 -312453 -75720
-718872 -419723 631543 -953799
-643865 398373 -431824 -302791
-229062 -452487 374094 -527358
841335 996661 990651 -476400
-5421 970832 734723 -20426
-39674 -359193 959421 -544333
-464345 608012 -154747 -421502
-984843 681416 335609 633763
-581450 794356 320208 -230923
481001 947710 639390 442597
246899 922322 909075 201606
163486 581367 710351 -836427
-110232 -139832 547458 -775710
288105 741135 948120 -888173
-132975 143480 -81863 -983070
-796080 35183 49742 -725770
-252773 -485147 74564 -651969
-618996 598726 -477090 -424452
-374844 -58294 -42854 -347838
-634062 803140 351745 -917366
290033 236739 459116 -587276
-961896 619113 -384881 474626
-496310 -315068 169234 -440146
-981186 375556 958106 -586860
-655687 967821 947029 324423
-659663 -185609 -465053 -511110
-971663 347902 -256799 268290
-587833 -357371 860247 -572497
110392 20444 972240 -207880
-509737 43670 587697 -531190
-970009 -61661 -112005 -600225
-234118 389644 717753 -587972
426455 743977 811929 -69180
-863647 -277126 727462 -664659
-564268 -307615 613554 -794096
-259649 49933 -82994 -260153
602870 903829 729897 4079
-921698 47095 -772232 -4480
294394 469882 491941 -548978
9555 238657 77854 -742639
-896309 395347 689243 -221685
-819301 -670184 -713691 -976484
-705623 3153 946583 -530402
195172 401663 382434 -990931
-376944 -488360 -82916 -984386
-440796 -605117 682251 -783490
392363 36169 788194 -303909
-534667 400676 -527487 78444
-167514 -536304 682128 -716643
-514795 -481451 967374 -747652
-38799 313763 496079 -295237
-564296 -25839 930172 -403882
-604819 808267 -98669 535603
-472063 -458086 343123 -824967
-437660 943534 -66299 -38300
-405956 781987 255037 -285179
-790378 -71553 696127 -344989
-631990 861428 67134 854607
-503414 -569525 -503284 -786478
-584155 770000 47319 -317232
-782627 793174 -477876 -382652
-437064 961548 325626 -539838
-929569 -92662 -6122 -797885
-186226 808650 486064 507756
-782286 458277 240566 -306609
-917954 448023 88971 65776
-954301 919525 30712 320939
-833370 -154054 -36102 -404147
-377675 509899 273620 160833
473492 746413 714086 -614918
-733568 282370 706098 -123836
-724220 78750 -227575 67879
60638 635978 952626 -621183
-857714 176764 402948 -321706
538794 734980 849500 -877394
-871392 223330 451862 158425
-524102 170009 951386 109412
237307 -72975 527694 -991103
700313 725470 859708 155195
-776951 203462 423243 -380236
51889 783837 456548 -89670
-376565 469463 132219 -201819
-699002 383449 126107 -647665
-424242 280603 563103 80055
-508973 886953 494577 337402
-840776 -481079 51298 -608526
-438300 222087 126679 184276
-987408 -251016 633916 -839450
691701 -30134 956092 -195960
635686 966952 787654 -278697
133218 -608512 902869 -850037
-438523 -122550 46880 -600538
-62398 753717 101282 327333
32545 -878 90159 -892343
-801236 682567 -626175 -716711
-511464 173212 -68570 -822039
-59995 -624769 103035 -850502
598903 558178 655873 -82470
234209 467884 380822 13276
-537125 -193853 -367750 -490625
-547381 937450 -208367 -240359
-470879 725034 388112 65472
-926095 821449 916186 50338
-288433 203533 -138959 -346592
-270367 -611590 263067 -918464
-599347 246439 316990 -974069
534308 -489259 863376 -970218
-536819 767120 -499606 127246
-393919 697401 181984 606225
-928125 -39936 -464415 -283629
282533 760414 850725 -3666
213755 -116590 861793 -166355
-942833 -202653 -309315 -968428
-286743 995167 386047 -776389
-457557 260302 80522 -413265
-962601 597354 -866723 254882
180931 -887570 599509 -896053
-956490 362939 389104 -12413
-76770 213398 493869 -589356
-520828 917342 515518 377947
-481619 884598 -257194 316014
-866481 231159 842212 151973
-412688 831542 239049 -640954
-575197 -216070 -247737 -568567
-285217 881308 653360 -541471
-552656 -123750 109254 -210350
-644651 17718 835117 -7011
-757914 659749 622789 -324113
-140579 834538 254352 -373913
-695226 -127118 -5222 -191486
-399086 -473712 349888 -836849
52354 247215 259303 200293
-672250 -337323 533645 -878212
95558 -564322 237688 -632240
473799 463157 907222 -482706
-182345 594803 -143464 -506801
262791 925276 989074 -562307
-890717 779493 410903 770001
-808776 -133960 -794500 -144028
151393 -18564 189634 -943721
-760206 809140 226268 -980848
-947123 -5655 -100408 -341088
-863502 534539 -745262 353997
17727 775710 485763 -960738
-863412 714144 43145 -546476
-714076 734545 965865 -148452
-450326 -526713 249992 -775197
-385948 146094 740237 -509235
-966766 691395 -121538 -501735
-890210 399843 271039 -561390
337287 972022 693357 -941029
647979 809602 729108 -347899
-355055 20296 899374 -362715
-380603 -415181 -278409 -534856
-890508 688425 259617 248760
478599 483736 883573 -779918
-801410 663679 -224241 199004
354910 482968 879798 -404707
-928806 315204 994470 -334752
956488 151640 994879 -406021
537918 604508 569953 169756
74241 516291 948999 306954
-845741 970672 -536400 551224
101840 857005 626547 -58909
209376 53617 441610 -176713
-824576 710928 174082 -49486
-6989 784127 647556 318531
-888617 -858507 514113 -885649
-935127 -187098 145401 -854614
-590999 -221266 -17405 -541173
-646014 -372285 471981 -500657
70348 243153 398343 -619702
32470 849734 77127 -869819
-835605 -366614 301777 -871172
360141 76570 993268 -307033
313015 768792 907695 -32843
410694 -137046 851413 -609336
206495 -86371 881169 -894029
-932734 828504 -51633 665107
-948428 470203 793935 -62299
-875208 -399641 411354 -863785
-289997 -336026 560413 -352075
-622749 636333 -415391 -1469
-650877 426772 -237309 76776
-947102 724064 778321 718066
-838292 633958 -269721 483409
-195286 827195 499138 -410529
-570402 202265 428781 -977165
719337 404974 869543 -442262
-573879 -163116 993626 -771761
-201323 250135 380384 -267945
-158158 988344 399529 867293
-258369 582389 -203905 -949586
-956057 937316 -328268 30813
-810720 862743 -521573 454185
