100
2083 4620 9001
98 211 225
40 1129 3635
1702 2264 2574
6409 6954 9486
657 1580 3892
7726 8911 9658
571 617 1268
809 955 2552
5791 6050 6239
283 613 1752
94 264 7829
281 752 1633
728 1407 6420
912 2324 4235
1409 1736 6218
2 9 9689
3295 5257 5967
1146 1243 3317
170 343 2707
2005 3434 6323
1589 2468 4457
188 369 3216
58 120 3760
741 1181 1607
1785 3600 7042
2322 5436 9277
2 1095 5902
25 151 2326
651 930 6018
719 1659 8154
44 81 1325
234 1352 4939
189 1205 2757
5670 5946 6822
595 1457 6103
34 40 284
1659 2020 3493
104 144 6774
108 817 2984
4313 4939 7322
165 590 943
5972 6045 9020
129 227 2258
3839 5139 8334
76 413 4937
657 3379 8110
1792 1829 4985
1270 1297 1679
1273 2088 6593
37 1107 1851
4530 5344 5495
532 1449 5951
4057 4849 7547
1824 2189 7647
505 5868 6400
6351 7347 9367
14 17 937
149 1033 4372
785 4225 9451
35 62 625
881 1119 2831
76 176 1085
744 1441 3715
650 966 1524
186 304 3447
4 103 227
110 260 1893
51 738 5341
554 737 5469
4388 4397 7692
367 491 4727
2 6 6484
1542 2021 3467
1016 1311 1388
2044 3837 4503
868 2283 5457
2159 3134 3988
463 3671 7092
234 337 337
706 778 5940
2593 2602 9814
1290 1635 5240
1553 1796 2713
1095 3112 7507
1136 1153 4287
3 3 34
1373 1786 2725
4859 5370 7627
73 162 4782
688 1533 2910
148 181 186
1149 2032 8509
750 812 5571
4301 5714 9199
209 229 4900
2430 2532 5481
958 2791 7928
697 1361 2295
203 328 476
