45
2728970505743
647384955703
23220057727
157703321420204436
514771589065061880
163655864990837830
703226800967016701
406122650838951301
102949122913804176
289598908203603894
627961791497331834
184381732820821370
715546434503540259
14743304181609303
29672366674930495
600075208580817697
893559171416480378
417494001133021486
721697530660808134
688386831302918933
33579039687137748
644364350520124604
654761014479169373
893881410038525545
672663129791403820
183815708156101521
697384612809828072
235630270163320666
705794847614295950
581513265767452781
443164498351697289
649614292176799484
58909985925941777
299172675869138401
285281365962872981
112035820292437284
105606171379580862
230391250941939575
534147047604693296
398542114888367527
408768565917592164
620829669680938212
643057057864785781
794669962757016745
24835675229005462
